--[[
    Starlight Neural 1.0
    Written by Ethan Marsh,
    Property of Starlight Solutions, Inc.
]]

local CONFIG = {
	Enabled = true,
	Debug = false,
	AdminUserIds = {},
	AdminAttributes = {"IsAdmin", "IsModerator"},
	AdminBypass = false,
	MaxMessageBytes = 2048,
	HistoryLength = 12,
	ContextLifetime = 90,
	AuditRetention = 250,
	CacheLimit = 1024,
	CacheTTL = 30,
	SemanticCacheLimit = 256,
	SemanticCacheTTL = 120,
	RateLimitBurst = 10,
	RateLimitPerSecond = 1.5,
	MaxAnalysesPerWindow = 30,
	AnalysisWindow = 0.1,
	AnalysisBudgetSeconds = 0.006,
	RiskHalfLife = 180,
	StrikeWindow = 120,
	MuteAfterStrikes = 3,
	LongMuteAfterStrikes = 6,
	MuteDuration = 60,
	LongMuteDuration = 300,
	AutomaticKick = false,
	KickAfterStrikes = 10,
	KickStrikeWindow = 1800,
	BlockRisk = 0.50,
	BlockConfidence = 0.68,
	WarningCooldown = 5,
	NotificationsEnabled = true,
	NotificationCooldown = 8,
	PersistenceEnabled = true,
	PersistenceStore = "SN_State",
	PersistenceInterval = 60,
	PersistenceRetryBase = 2,
	PersistenceMaxRetry = 60,
	PersistenceConcurrency = 2,
	PersistenceMaxPending = 2048,
	MaintenanceInterval = 1,
	ShutdownTimeout = 25,
	ChannelFilter = nil,
	DeliveryFilter = nil,
}

local Engine = (function()
local ModelLabels = {"benign","insult","threat","sexual_solicitation","scam","personal_information","external_contact","self_harm"}
local InputWeights = {
{-0.289797,-0.217016,0.072330,-0.137436,-0.026945,0.151596,0.038276,0.110383,-0.048416,0.036293,0.077616,0.173212,0.127179,0.019742,-0.420845,0.181910},
{0.047065,-0.276869,0.114693,-0.254917,-0.205326,-0.524949,0.158309,0.274498,0.114918,0.156656,0.424220,0.235806,0.151396,-0.311176,-0.274001,-0.146352},
{-0.127533,-0.424879,0.319348,-0.027498,0.062919,-0.390868,0.275994,-0.119888,-0.244486,0.076125,0.105377,0.308697,0.196938,0.026536,0.103897,-0.135643},
{0.317092,-0.002742,-0.057858,0.126698,0.128494,0.364952,-0.149270,0.063347,-0.272719,-0.138808,0.169790,0.138489,-0.081386,-0.084258,0.320207,0.106230},
{0.376051,-0.000215,-0.209559,-0.032847,0.297298,-0.289586,-0.170318,0.468746,-0.116162,-0.056531,0.592381,0.179087,-0.038164,-0.195339,-0.648499,-0.201260},
{0.301117,-0.050923,-0.206510,0.020644,-0.353518,0.612787,-0.253542,0.037427,0.517817,0.047493,-0.054944,-0.031980,0.039434,0.256337,0.389911,0.151667},
{0.269317,-0.143890,-0.612009,-0.093084,0.010497,0.223588,-0.744277,0.278432,0.603358,0.026863,-0.033440,-0.189433,0.386716,-0.200927,0.448422,-0.260396},
{-0.267423,-0.163450,0.116488,-0.106609,-0.216399,-0.133773,-0.045229,0.116712,0.267443,0.090440,0.095145,-0.095774,0.117415,0.180138,-0.313768,0.083347},
{0.440230,0.080816,-0.387864,0.130515,-0.084663,0.094125,-0.132334,-0.053277,-0.132236,-0.039437,0.153677,0.109059,-0.069780,0.317896,0.320563,0.133746},
{-0.039135,0.079266,0.002220,-0.041740,0.067443,0.118974,-0.029564,0.040734,0.025138,-0.094255,0.053026,-0.024664,-0.075278,-0.114044,-0.110374,0.091708},
{-0.030191,0.005661,0.025787,-0.298710,-0.164595,0.016583,-0.058997,0.272695,0.154949,0.060542,0.331130,0.086227,-0.173859,0.180483,-0.469104,-0.085234},
{-0.101394,0.481892,0.111281,0.166843,0.076399,-0.062329,0.124942,-0.140222,0.063735,-0.023716,-0.263984,-0.192270,-0.238369,0.055034,0.251401,0.072787},
{0.263895,-0.192000,-0.086120,-0.173222,0.070074,0.069943,-0.035980,0.037900,0.020708,0.002688,0.065865,-0.070343,0.122969,-0.193993,-0.136708,-0.127535},
{0.089237,0.322751,0.064368,-0.144147,0.001302,0.054851,0.045730,-0.072859,0.004946,0.122408,-0.119665,-0.193308,-0.226307,0.241888,0.161762,-0.090892},
{0.438879,-0.450344,-0.171486,0.088503,0.064219,0.617027,-0.138081,-0.127285,-0.469679,-0.253567,0.276983,0.388268,-0.028708,0.014946,0.212159,0.366323},
{0.194634,-0.078654,0.107491,-0.125910,-0.156656,-0.039095,0.092148,-0.112360,-0.077346,0.090551,-0.049001,-0.045819,-0.043837,0.136425,0.087471,-0.056642},
{-0.112022,-0.218371,0.081489,0.149074,0.140484,-0.422521,0.177440,-0.024048,-0.137183,0.033974,0.078580,0.221595,0.236918,-0.112929,-0.056396,-0.278070},
{-0.059279,-0.042603,-0.191686,0.191572,0.322641,0.333715,0.065887,-0.217244,0.091172,-0.195823,-0.293607,-0.152339,0.236102,-0.267334,0.157409,-0.144765},
{-0.024835,0.296417,-0.168778,0.327162,0.010700,-0.107661,-0.109789,-0.004088,0.008247,-0.000904,-0.131732,-0.093996,-0.043823,0.020802,0.219278,-0.149776},
{-0.167183,-0.092026,0.140579,-0.026862,-0.087053,-0.172171,0.141608,0.005076,-0.005761,0.094936,0.044156,0.099827,0.030052,0.110726,0.065993,-0.010450},
{-0.043204,-0.020785,-0.113898,0.048181,-0.478229,0.026386,-0.244064,0.260784,-0.215654,0.074887,0.361256,0.387372,-0.190683,0.408219,0.252041,0.448336},
{-0.040473,-0.629090,0.125616,0.729347,0.196625,-0.299176,0.442380,-0.457513,-0.681882,-0.021008,-0.316420,0.294490,0.693607,-0.394696,-0.101289,-0.806748},
{0.166088,0.229750,-0.088937,0.119122,0.401464,-0.326830,-0.053985,0.087006,-0.103321,-0.106911,0.068152,-0.104270,-0.031858,-0.407411,-0.415171,-0.414833},
{0.132232,0.579510,0.172622,0.025524,0.071221,-0.099596,0.093208,-0.154619,0.003904,0.119073,-0.161498,-0.288966,-0.408587,0.278511,0.328602,0.063688},
{-0.298826,0.290601,-0.117279,0.147250,0.146745,0.153397,-0.151772,0.155294,-0.037407,-0.224565,0.108768,0.125747,-0.202782,-0.015478,-0.510086,0.256749},
{-0.060119,-0.139260,0.167177,0.005265,0.232031,0.124618,0.206841,-0.262615,0.082203,-0.006658,-0.284847,-0.130596,0.191021,-0.189131,0.206426,0.002519},
{0.256561,-0.299085,-0.140416,-0.353222,-0.571454,-0.067185,-0.065437,0.149347,0.337530,0.184344,0.031162,0.033138,0.185693,0.181213,-0.259939,-0.333935},
{-0.185742,0.268231,0.400327,-0.031634,0.315122,-0.068480,0.367749,-0.077784,-0.048104,-0.141676,-0.111682,-0.027086,-0.314321,0.053643,-0.119515,0.217172},
{-0.002436,-0.501789,-0.543948,0.176610,-0.271174,0.187908,0.015122,0.032442,-0.237483,-0.003223,0.264514,0.512289,0.132289,-0.015399,-0.107920,0.258708},
{0.125140,0.035958,-0.099435,0.073675,0.145794,0.040640,-0.160499,0.173277,-0.069242,-0.052960,0.223923,0.188421,-0.045714,0.131633,-0.044840,-0.039369},
{-0.275335,-0.288924,-0.023249,-0.072345,-0.091293,-0.161976,-0.008179,0.133315,0.124560,0.112198,0.148258,0.185013,0.190036,0.119370,-0.102604,0.021726},
{-0.257465,-0.288360,-0.001509,0.025784,-0.102681,-0.269084,0.050571,0.142302,0.075641,0.082649,0.194484,0.252606,0.228748,0.065203,-0.241281,-0.227052},
{-0.247660,-0.002921,0.159094,0.067858,0.155627,-0.074192,0.179688,-0.000156,-0.012779,-0.095484,-0.065084,0.120124,0.074515,0.002576,-0.157220,-0.077047},
{-0.283426,-0.179431,-0.070983,-0.050352,-0.063673,-0.151683,-0.225622,0.126835,0.111451,-0.032491,0.112677,0.164349,0.140608,-0.031541,-0.262737,-0.066641},
{-0.256288,-0.178465,0.301382,0.108285,0.670785,0.001583,0.319687,0.051041,-0.303501,-0.277190,0.253838,0.350039,-0.018411,-0.440600,-0.481305,0.038706},
{0.166907,-0.221375,-0.506830,0.417216,0.459877,0.531792,-0.340025,0.195663,-0.341057,-0.245229,0.092235,0.327783,0.409791,-0.609711,0.253121,0.160293},
{0.000000,0.107994,-0.101899,0.021930,-0.052995,-0.016730,-0.104887,0.018622,0.050579,0.049045,-0.053876,-0.121623,-0.028014,-0.160393,0.038341,-0.067687},
{0.161144,-0.007474,0.086512,0.212807,-0.035199,-0.112397,0.101418,-0.151737,-0.450601,0.069496,-0.028763,0.033461,-0.019519,0.390399,0.208167,0.068207},
{0.072660,0.001719,-0.189372,-0.336597,-0.346590,0.164557,-0.231852,0.218961,0.424384,0.133648,0.133678,-0.123950,0.021711,0.094722,-0.206287,0.039452},
{-0.074485,-0.417544,-0.118623,-0.073031,-0.315169,0.090718,-0.128689,0.274076,0.145383,0.058132,0.318871,0.277365,0.221983,-0.220622,0.117693,0.152181},
{-0.240740,-0.089923,0.055441,-0.112996,-0.165325,-0.000000,-0.009722,0.097758,0.217120,0.038837,0.058515,0.103768,0.032767,0.142185,-0.074954,0.102298},
{0.153753,0.306849,0.151664,-0.120798,0.170834,0.064954,0.093976,0.030671,-0.008329,-0.027209,0.080867,-0.349040,-0.335339,0.047235,-0.194784,0.218737},
{0.141510,-0.045550,-0.019762,-0.119914,-0.122614,0.001761,-0.052231,0.091316,-0.019265,0.048646,0.150530,0.064924,-0.073798,0.160376,0.041375,0.138686},
{-0.146470,-0.078389,-0.022060,-0.169135,-0.133626,-0.180744,-0.088598,0.319992,0.243923,0.090213,0.287688,0.233392,0.019322,0.173396,-0.237983,0.123328},
{-0.134164,-0.061028,-0.115620,0.055136,-0.241648,-0.247332,-0.072853,0.316275,-0.504578,0.031992,0.291623,0.292807,-0.031336,0.327827,-0.117083,0.265358},
{-0.070259,0.341763,0.047774,-0.049247,0.235110,0.467273,-0.002034,-0.117735,0.032570,-0.159811,-0.221164,-0.273333,-0.241836,-0.222332,-0.126932,0.194577},
{-0.094834,-0.037616,-0.018279,-0.126219,-0.307230,-0.224658,-0.068128,0.207633,0.325161,0.198910,0.127491,0.063632,0.030393,0.326168,-0.064393,0.062086},
{0.236766,-0.498550,-0.201076,0.403542,0.093658,0.378769,-0.181508,-0.032822,-0.199651,-0.202380,-0.008503,0.199820,0.156900,-0.098412,0.170366,-0.004057},
{0.387112,-0.066466,0.121154,-0.072201,-0.247800,0.227213,0.124968,-0.098340,-0.219540,0.027541,0.005933,0.019777,-0.074144,0.131959,0.176935,0.238568},
{-0.921469,-0.255580,0.200038,-0.122268,-0.018919,-0.592746,0.084912,0.528544,0.428155,0.045514,0.510181,0.609602,0.056965,0.213882,-0.905548,0.100171},
{-0.090509,-0.107645,0.051593,0.019123,-0.103036,-0.230614,0.059021,0.134295,0.009059,0.044923,0.175175,-0.044316,0.034083,0.113469,-0.164821,0.058411},
{-0.455449,-0.196571,-0.076095,-0.324877,-0.121236,0.074920,-0.124057,0.232355,0.310284,-0.012304,0.183959,0.176106,0.111442,0.076273,-0.602472,0.239892},
{-0.595533,-0.175921,0.228039,-0.204132,-0.366398,-0.169399,0.096168,0.100255,0.341329,0.134532,0.073965,0.226575,0.037705,-0.012271,-0.090263,0.398373},
{0.286037,0.041699,0.010906,0.096365,0.341464,-0.326404,0.055442,0.221636,-0.345325,-0.074172,0.390794,0.235183,-0.099288,-0.153701,-0.308134,-0.160408},
{-0.041207,-0.143621,0.024650,0.070454,0.200233,0.078385,0.080232,0.034190,-0.193423,-0.076845,0.154965,0.193812,0.046910,-0.158479,-0.267478,-0.160180},
{-0.234142,-0.103062,-0.000580,-0.021658,-0.007082,0.005265,-0.012641,0.103822,0.116967,-0.023461,0.086757,0.095553,0.071225,-0.054632,-0.242854,0.064825},
{-0.129067,0.431871,-0.237783,0.313943,0.119195,-0.283596,-0.302274,0.292013,0.321134,0.056933,0.068482,0.099781,-0.077863,0.109925,-0.096741,-0.151226},
{-0.411363,0.041051,0.381156,-0.138347,0.517359,0.093919,0.382524,-0.261337,0.079161,-0.147455,-0.182174,-0.080431,-0.042330,-0.354561,-0.399361,0.215195},
{0.319649,0.315665,-0.138416,0.137321,0.218094,-0.010555,-0.181362,0.204936,-0.262819,-0.079918,0.277381,0.032672,-0.290251,-0.152008,-0.101428,-0.128074},
{-0.026143,0.007103,-0.002153,-0.190818,0.107559,0.206339,-0.021898,0.056474,0.133846,-0.054408,0.033247,-0.060177,-0.034762,-0.033012,-0.368787,0.077274},
{0.238337,-0.604904,-0.238695,-0.596571,0.320840,0.323987,0.008798,-0.257677,0.638923,0.073815,-0.443472,-0.621321,0.709355,-0.605847,-0.003365,-0.375818},
{-0.174580,-0.084933,0.117061,0.205506,0.165287,-0.087757,0.162478,-0.112229,-0.042850,-0.071990,-0.108678,0.101309,0.138929,-0.348464,0.195437,-0.125933},
{0.217055,-0.229234,-0.027211,-0.141066,-0.259679,0.125637,-0.078529,0.189856,0.510245,0.067286,0.309730,0.247377,-0.079265,0.322793,0.091147,0.261029},
{-0.270861,0.159324,0.079355,0.124243,0.351066,-0.218449,0.110188,-0.080767,0.062562,-0.107966,-0.155933,0.041399,0.003659,-0.177726,0.035960,-0.155500},
{-0.356392,0.243614,-0.376283,0.581330,0.000068,0.276063,-0.321052,-0.108156,0.017807,-0.064776,-0.341670,-0.062536,0.156665,-0.042526,0.531358,-0.163148},
{0.008066,-0.033045,0.061248,-0.060165,-0.059304,-0.165499,0.018603,0.132643,0.253494,0.117102,0.076179,0.074335,0.055145,0.145083,-0.200735,0.013710},
{0.148724,0.048282,-0.104448,-0.210347,-0.388339,-0.316409,-0.186682,0.297991,0.283267,0.236217,0.207381,0.026796,0.013498,0.336484,-0.065068,-0.160913},
{-0.077149,0.028851,0.155300,-0.120259,0.196675,0.227499,0.145008,-0.080699,-0.065479,-0.116256,-0.016084,-0.043337,-0.104199,-0.155933,-0.197370,0.133398},
{0.317594,-0.505078,-0.083947,-0.237394,-0.469886,-0.477286,-0.037215,0.283488,0.261810,0.285836,0.331296,-0.421413,0.370611,-0.412974,0.052958,-0.269470},
{0.153150,0.004340,-0.087040,-0.051573,-0.037392,0.008133,-0.073109,-0.023018,0.086999,0.066692,-0.128580,-0.109039,0.048424,0.003028,0.098207,-0.080134},
{-0.001571,-0.058866,0.009878,-0.015861,-0.035642,-0.039712,0.009561,0.022655,-0.001705,0.013497,0.040352,0.050536,0.024478,0.022713,0.009024,0.011151},
{0.308307,-0.229714,-0.205420,0.223067,0.108492,0.203348,-0.113752,0.130878,-0.416795,-0.096597,0.250801,0.343257,0.074137,-0.225347,0.314568,0.075821},
{0.251404,-0.066093,-0.019865,0.312529,0.321360,-0.414747,0.124039,-0.117052,-0.373031,0.061488,-0.202858,0.025734,0.110620,-0.149763,0.347295,-0.686846},
{0.142022,-0.601833,0.387191,-0.511965,-0.696470,0.137511,0.349385,-0.033359,-0.567917,0.147123,0.050415,0.284765,0.201870,0.374839,0.178985,0.589705},
{0.061640,0.178397,-0.064875,0.313807,0.237497,0.414940,-0.037748,-0.097683,-0.307809,-0.275944,-0.127053,0.093802,-0.103728,-0.361349,-0.033737,0.239174},
{0.265319,0.455180,-0.116842,0.055203,-0.242754,-0.305288,-0.141938,-0.041229,0.139772,0.278387,-0.315850,-0.480315,-0.187611,0.368605,0.418438,-0.408333},
{0.082268,-0.294515,0.196355,-0.025499,-0.011240,-0.035748,0.251841,-0.083203,-0.239050,0.027538,0.119221,0.231963,0.084927,0.059714,-0.032482,-0.003073},
{-0.039509,0.205479,0.124990,-0.022892,0.101818,0.332139,0.050460,-0.100110,0.108528,-0.114406,-0.152596,-0.122704,-0.155476,-0.234937,-0.189283,0.269935},
{-0.282164,-0.096580,0.047318,0.068211,-0.137725,-0.161754,0.052619,-0.050810,-0.023295,-0.062737,-0.014623,0.075184,0.044137,-0.039857,-0.162337,-0.069863},
{-0.244622,-0.067948,0.086148,-0.126479,-0.213911,-0.416834,0.006274,0.271325,0.231910,0.154749,0.283186,0.197900,-0.032765,0.259181,-0.195065,0.147449},
{0.405328,-0.009786,-0.032972,-0.080771,-0.067380,-0.057875,0.025607,-0.058864,-0.131599,-0.049782,-0.016675,-0.047398,-0.017801,-0.095795,0.030214,0.112431},
{0.627926,-0.532270,-0.368616,0.022645,-0.042523,0.724025,-0.102921,-0.516793,-0.098170,-0.014474,-0.389218,-0.349420,0.423799,-0.450240,0.047629,-0.404612},
{0.207652,0.016923,-0.114340,0.136536,0.242308,0.210231,0.024998,-0.072941,-0.040454,-0.057036,-0.110994,-0.106721,0.105527,-0.243226,0.150613,-0.191528},
{-0.095834,0.167884,-0.028498,0.347130,-0.139038,-0.253670,0.085314,-0.018672,0.138576,0.116311,-0.179961,0.032238,0.074942,0.237461,0.351198,-0.091805},
{-0.319306,-0.215486,0.084656,0.166167,0.023578,-0.330798,0.149361,-0.091501,-0.097926,0.008634,-0.044790,0.172773,0.225599,0.000972,0.150414,-0.160131},
{-0.669143,0.061921,0.147869,0.466319,-0.545241,-0.432926,-0.069618,0.088813,0.102668,0.105524,0.072203,0.292555,-0.092011,0.222190,-0.053055,0.386316},
{-0.168967,-0.276160,0.210280,-0.119854,0.098683,-0.227957,0.223196,0.101945,-0.019126,-0.021075,0.207304,0.329362,0.102640,0.011020,-0.362919,0.000394},
{0.320922,-0.040624,-0.314365,0.071230,-0.027990,0.280078,-0.193696,-0.126364,0.064014,-0.007631,-0.254362,-0.356763,0.164778,-0.378801,0.040689,-0.286537},
{0.094314,-0.212034,0.251689,0.191483,0.147131,-0.082648,0.245823,-0.233418,-0.470178,-0.166113,-0.158993,0.297075,0.031452,-0.176760,0.347879,0.145431},
{-0.184013,0.106834,0.089972,0.199769,-0.291995,-0.141397,0.007536,-0.051145,0.033871,0.015116,-0.078632,0.080840,-0.093449,0.245144,0.065565,0.182879},
{-0.332520,-0.237714,0.141061,-0.073760,-0.156904,-0.163206,0.112044,0.080299,0.108255,0.015606,0.146624,0.251630,0.049757,0.079605,-0.110673,0.013331},
{-0.136523,-0.039561,-0.052174,0.130639,0.035586,0.072268,0.001838,0.006006,-0.056307,-0.039918,0.078284,0.121255,0.016546,0.085410,-0.124577,-0.175997},
{-0.125376,0.039032,0.206520,-0.188542,0.018867,-0.461055,0.203994,0.048304,0.206340,0.152850,0.052899,-0.050518,-0.003266,0.035399,-0.281468,-0.161360},
{0.396792,-0.352782,-0.043962,0.301874,-0.358591,0.456579,-0.096354,-0.150185,-0.710581,-0.206139,0.178558,0.511871,-0.060336,0.245742,0.471305,0.439617},
{0.039277,0.002459,-0.314352,0.197512,-0.162448,-0.153932,-0.413480,0.180936,-0.185654,0.162265,-0.054509,-0.083196,0.156371,0.296505,0.189121,-0.154520},
{0.088785,0.419677,0.050715,0.007310,0.383556,0.363645,0.041816,-0.190204,-0.082428,-0.202767,-0.242314,-0.327702,-0.264134,-0.293599,0.055157,0.089351},
{-0.321328,-0.399063,0.380606,-0.418060,-0.126629,-0.242403,0.318970,0.179594,0.167451,0.122522,0.352773,0.366669,0.058310,0.193549,-0.715803,0.246187},
{-0.519509,0.081672,-0.046583,0.325295,0.023019,-0.272027,-0.073944,0.151580,0.230087,0.013022,0.026820,0.229324,0.135108,0.175327,-0.013575,0.113583},
{0.453659,0.217633,-0.205861,0.181467,0.247244,0.031810,-0.301999,0.004510,-0.098937,-0.066951,-0.015302,-0.114841,-0.065906,-0.069217,0.294967,-0.184757},
{-0.171049,-0.031988,0.134922,-0.109409,0.102241,0.139950,0.107638,-0.043961,-0.027417,-0.039047,0.045552,0.000370,-0.063553,-0.031639,-0.176955,0.120824},
{0.571336,0.345539,-0.222406,0.047417,0.188445,-0.379620,-0.209741,0.180617,-0.041452,0.057624,0.173023,-0.309893,-0.166518,-0.121607,0.139840,-0.425797},
{0.314823,-0.481188,0.099019,-0.497032,0.088490,0.243445,0.203915,-0.099847,0.242093,0.092996,-0.084447,-0.220588,0.326887,-0.335672,-0.345495,-0.425515},
{-0.124819,0.501123,-0.006259,0.067668,-0.157198,-0.033668,-0.056407,-0.079587,0.096605,0.095037,-0.265732,-0.283823,-0.336614,0.381662,0.267420,0.101101},
{0.054824,0.116523,-0.159112,0.193403,-0.090153,0.362902,-0.168666,-0.082307,-0.225014,-0.137300,-0.066254,0.017671,-0.128820,0.113139,0.202264,0.270986},
{-0.051432,0.220477,-0.027773,-0.013252,-0.173902,-0.558189,-0.105585,0.153075,-0.079290,0.154415,-0.020224,-0.125417,-0.000936,0.061466,-0.063601,-0.232107},
{0.264730,-0.010398,0.014942,-0.060087,-0.017059,-0.064112,0.053621,0.002260,-0.152970,0.066795,0.149284,0.114906,-0.099326,0.199878,0.088268,-0.060216},
{-0.389280,-0.018261,-0.096579,0.157999,-0.020978,0.040078,-0.101061,0.020082,0.053228,-0.112586,-0.069473,0.080255,0.093104,-0.078198,0.031390,-0.054931},
{0.158632,0.253549,0.123688,-0.141474,0.047246,-0.461407,0.118536,-0.025917,0.273013,0.225254,-0.001747,-0.239693,-0.134097,0.049748,-0.223628,-0.098738},
{-0.236231,0.033492,-0.051664,0.276893,0.210902,0.229621,0.009218,-0.054574,-0.182454,-0.190028,-0.057004,0.126781,0.041451,-0.070729,-0.066981,-0.214383},
{-0.046555,-0.051759,-0.009968,0.013790,0.043329,-0.050191,0.006068,0.038507,0.013558,0.005837,0.042209,0.045394,0.053196,-0.041816,0.000000,-0.062847},
{-0.196011,-0.164086,-0.135696,0.164763,-0.158673,0.173749,-0.108739,0.016498,-0.015456,-0.139927,-0.039197,0.139231,0.146193,-0.048184,0.059524,-0.117002},
{0.140430,-0.109484,0.027687,-0.283093,-0.150712,-0.084150,-0.018740,0.203999,0.152278,0.199461,0.264946,0.076137,-0.037005,0.280531,-0.191801,0.068044},
{-0.346242,-0.251883,-0.245940,-0.276390,0.172159,-0.608489,0.228780,0.022166,0.479156,0.211348,-0.031529,-0.103429,0.354415,0.073468,-0.462646,-0.177479},
{0.057201,0.096040,-0.014432,-0.043721,-0.011880,-0.095523,-0.009350,0.003682,-0.009627,-0.000493,0.002949,-0.020449,-0.059117,0.010714,-0.102129,-0.022828},
{0.191969,-0.011420,0.026083,0.030139,-0.060056,0.183501,0.016893,-0.051313,-0.379560,-0.098331,0.102174,0.113114,-0.155080,0.056812,0.196491,0.159666},
{0.090125,0.220918,0.009852,-0.100884,0.034306,0.473369,-0.028850,-0.124948,0.217946,-0.044532,-0.255392,-0.348421,-0.102470,-0.142557,-0.116288,0.005870},
{-0.057796,-0.452022,0.199504,-0.255826,-0.160657,-0.178748,0.076021,0.231555,-0.020421,-0.002014,0.411049,0.425370,0.138057,-0.023539,-0.475289,0.113314},
{-0.675111,0.045534,0.143096,0.260000,0.156867,0.218602,0.187217,0.047770,-0.026340,-0.088631,-0.015616,0.002392,0.019927,0.087258,-0.413906,0.235137},
{0.028267,-0.164070,0.014736,-0.041654,-0.198920,-0.239683,0.017223,0.049348,0.001087,0.104620,0.089456,0.126065,0.085135,0.129680,0.107931,-0.019459},
{-0.267786,0.049805,0.089072,0.030129,0.025703,-0.259622,0.061837,0.064789,0.040107,0.000025,0.054512,0.103011,-0.067532,0.073583,-0.133575,-0.013192},
{0.395188,-0.715667,0.104192,-0.112643,-0.210180,0.182382,0.109733,-0.147577,0.090888,-0.068840,0.013350,-0.138741,0.404645,0.090921,0.375292,0.305330},
{-0.307488,-0.276914,0.227985,0.057496,0.120073,-0.365955,0.274749,0.024987,0.006025,-0.039870,0.149010,0.320146,0.063036,-0.070961,-0.080319,-0.062358},
{0.005153,0.045535,-0.181836,0.206204,0.011306,-0.123083,-0.114497,0.038715,0.071554,0.031243,-0.039198,-0.041350,0.103832,0.062987,0.107225,-0.202840},
{0.550312,-0.513962,-0.073931,-0.356132,-0.055087,0.352352,0.024230,-0.077313,-0.060927,0.106451,0.075108,0.018135,0.327973,-0.049550,-0.022717,-0.033201},
{0.362054,0.172341,-0.026713,0.045310,0.162932,-0.048696,-0.017985,0.022290,-0.264798,-0.054378,0.118858,-0.029505,-0.199277,-0.016786,-0.041038,0.006337},
{0.485063,-0.444770,0.467988,-0.320435,-0.291773,-0.877081,0.517424,-0.282886,-0.440182,0.281144,0.025496,0.075758,0.157142,0.424481,0.897303,-1.003041},
{0.065215,-0.086899,-0.135573,0.282733,-0.136573,-0.404898,-0.081319,-0.010535,-0.058397,0.091507,-0.038066,0.064890,0.205593,0.111491,0.224730,-0.236181},
{-0.012034,-0.019775,-0.011741,-0.019356,-0.011785,0.024135,0.001038,-0.097437,0.017603,-0.009897,-0.126408,-0.106123,0.047920,-0.042058,0.062420,-0.035160},
{-0.226013,-0.430894,0.069673,-0.281214,-0.092839,0.273547,0.051971,0.211880,0.182400,-0.008749,0.203729,0.330418,0.210167,0.162184,-0.473940,0.117404},
{-0.645736,-0.205064,0.174165,0.088056,-0.039036,-0.053947,0.151245,0.044300,0.143206,-0.025914,0.076903,0.271650,0.160473,0.014553,-0.427222,-0.059214},
{-0.079660,0.082053,0.088948,0.085852,-0.058838,-0.287616,0.080244,-0.025256,-0.168028,-0.043328,0.009608,0.179284,-0.046875,0.048666,0.122131,0.057023},
{-0.281314,0.142638,0.102074,0.109446,0.139889,-0.080228,-0.050699,0.109538,-0.105994,-0.144340,0.148949,0.245009,-0.160849,-0.334327,-0.310990,0.092289},
{0.075756,0.060180,-0.044701,0.083217,0.170355,-0.004524,-0.041021,0.103691,-0.110609,-0.057132,0.180003,0.011542,-0.087351,-0.194984,-0.007626,0.056582},
{-0.008844,-0.111488,0.029445,0.162365,-0.186734,0.432898,-0.075808,0.235163,-0.609146,-0.347869,0.396454,0.499029,-0.226269,0.083980,-0.143460,0.342917},
{-0.245671,0.128868,0.311008,-0.156923,0.349963,0.433987,0.275631,-0.186803,0.256118,-0.155810,-0.223602,-0.195431,-0.072570,-0.185118,-0.789609,0.165128},
{0.434992,-0.036701,0.266882,-0.169968,-0.045990,0.024473,0.295812,-0.157346,-0.284279,0.039139,-0.017316,-0.065819,-0.171525,0.063839,0.062751,-0.143987},
{-0.088001,0.067503,-0.216380,0.158609,-0.126187,-0.213217,-0.247998,0.147673,0.093705,0.117801,0.046030,0.040799,0.051096,0.213828,0.206109,-0.051857},
{-0.614515,0.296881,-0.253062,0.017255,0.161263,-0.256534,0.105466,0.052149,0.241207,-0.048794,-0.016057,-0.067584,-0.157716,-0.026730,-0.538764,-0.060482},
{0.415988,-0.186560,0.216369,-0.219073,-0.421679,-0.743098,0.288324,-0.063198,0.033849,0.365178,-0.093660,0.080867,0.151995,0.300894,0.435800,-0.383013},
{0.017609,-0.147614,0.117423,-0.072210,-0.075009,-0.208097,0.200908,-0.023836,-0.125168,0.041881,0.151446,0.069810,0.054620,-0.062019,-0.077562,0.043632},
{-0.040591,0.257078,-0.454011,0.349464,-0.139506,-0.428957,-0.271761,-0.009183,0.184495,0.172787,-0.387525,-0.494897,0.190627,0.024402,0.392017,-0.461099},
{-0.288155,-0.047167,-0.035456,0.430606,0.025930,0.103841,0.005289,-0.065031,-0.302662,-0.132555,-0.011350,0.337608,0.035886,0.150459,0.237561,0.079062},
{0.063635,0.067110,0.015605,0.036189,-0.125205,0.214981,0.055118,0.005386,0.129278,0.002277,-0.080335,0.026454,-0.030646,-0.012122,0.052456,-0.031906},
{0.543324,0.301551,-0.209054,0.021019,0.607311,-0.477296,-0.088006,0.477112,-0.539574,-0.096046,0.724606,0.189897,-0.367544,-0.368143,-0.507568,-0.578708},
{0.316956,-0.555157,-0.232718,-0.292677,-0.355306,0.135131,-0.045313,0.080368,0.180091,0.054057,0.161666,0.040154,0.267079,0.019829,-0.225341,-0.073419},
{-1.246212,-0.162392,0.179570,0.971541,0.278825,0.420923,0.189638,-0.244965,0.213130,-0.217467,-0.230283,0.317955,0.343299,-0.496109,0.060871,0.385454},
{0.251293,0.260119,-0.125627,-0.109117,-0.437074,0.060590,-0.162637,0.037481,0.360555,0.165248,-0.160297,-0.218088,-0.099903,0.326545,0.063514,-0.032864},
{-0.096195,-0.186349,-0.033271,-0.319543,-0.433752,-0.364352,-0.061256,0.281959,0.317681,0.161613,0.231131,0.215970,0.155785,0.155291,-0.505936,-0.082983},
{0.172165,-0.059111,0.295814,-0.314060,-0.289076,-0.191289,0.243392,-0.029190,-0.144540,0.146512,0.090242,0.025192,-0.186852,0.273086,0.182300,0.148681},
{-0.138313,0.166167,-0.250018,0.314894,-0.139973,0.132550,-0.224262,-0.122182,0.111499,-0.034891,-0.330698,-0.071640,0.077552,0.041330,0.425770,-0.026360},
{0.208479,0.274564,-0.267413,0.176685,0.492009,-0.074652,-0.194661,0.140022,-0.311594,-0.244302,0.200267,-0.006814,-0.106955,-0.454831,-0.520095,-0.034184},
{-0.130120,-0.040001,-0.005565,0.112777,0.070026,-0.143807,0.051019,-0.102739,-0.099990,-0.017316,-0.107152,-0.027097,0.100423,-0.126167,0.206560,-0.102524},
{-0.308118,-0.121165,0.147956,-0.130089,-0.019161,-0.096311,0.104797,0.130201,0.150699,0.040456,0.159715,0.170162,0.017952,0.064573,-0.379487,0.129023},
{0.102406,0.022937,0.006393,-0.045105,-0.043845,-0.010449,0.007520,-0.021530,0.039043,0.047333,-0.063815,-0.095535,-0.030415,0.012082,0.060332,0.000117},
{-0.021322,-0.657404,-0.169435,0.215406,-0.712788,0.525049,-0.053724,-0.130661,-0.088727,-0.081519,-0.024127,0.443421,0.464274,0.103694,0.190010,0.277082},
{0.007353,-0.097620,0.043011,0.156373,0.038289,-0.036204,0.084310,-0.168350,-0.157775,-0.012271,-0.083292,-0.030558,0.089731,-0.109437,0.235051,-0.161953},
{-0.039996,0.060139,0.194708,-0.018205,0.070841,0.175457,0.188020,-0.226108,-0.065834,-0.064219,-0.171867,0.114707,-0.094002,0.165222,-0.065713,0.212494},
{0.118954,0.070533,0.129867,0.190041,0.135228,-0.155998,0.138025,-0.169115,-0.313784,-0.025751,-0.050258,0.056005,-0.097612,0.056493,0.239554,0.064472},
{-0.381242,-0.167635,0.290411,-0.375310,-0.735585,-0.114644,0.224525,0.148057,0.294764,0.142751,0.168772,0.129825,-0.094972,0.590133,0.057896,0.213042},
{-0.053467,-0.010807,-0.124571,0.286077,-0.090926,-0.506224,-0.099390,-0.021518,0.011746,0.143590,-0.092860,0.094268,0.172079,0.120019,0.208330,-0.118751},
{0.154398,0.248899,-0.021200,0.050825,0.306888,-0.219050,-0.000108,0.093532,-0.066585,-0.014046,0.102050,-0.098512,-0.125791,-0.109714,-0.163496,-0.273707},
{-0.070962,-0.046950,0.074412,-0.010816,-0.077025,-0.135682,0.050258,0.086400,-0.045439,0.019353,0.151781,0.173698,-0.049463,0.128544,-0.088974,0.093932},
{-0.052394,-0.188496,-0.129191,-0.197081,-0.150630,0.124578,-0.148398,-0.074791,0.421460,0.142185,-0.269997,-0.213210,0.296339,0.093022,0.090169,-0.084320},
{-0.489496,0.496805,-0.083592,0.603006,-0.055712,-0.366394,0.040201,0.006899,-0.105697,0.055059,-0.140827,0.096464,-0.139984,0.380118,0.314337,-0.191898},
{0.589320,0.247208,0.293426,-0.423809,-0.060093,-0.163824,0.211066,-0.110429,-0.228606,0.138791,-0.021959,-0.220106,-0.493253,0.428706,0.321365,-0.142913},
{-0.027907,-0.002246,-0.005692,0.000000,0.005650,-0.042555,-0.011475,0.014739,-0.066494,-0.032317,0.020676,0.007173,-0.061277,0.028424,-0.010335,0.006957},
{-0.137296,-0.238901,0.083557,-0.099137,-0.068391,-0.309039,0.083816,0.181954,0.000400,0.052748,0.270327,0.060229,0.091447,0.086108,-0.339857,0.017092},
{-0.207365,0.280427,-0.037229,0.219690,0.358816,-0.403980,-0.095626,0.321934,-0.024638,-0.101435,0.196345,0.142069,-0.074287,-0.127744,-0.464044,-0.424071},
{0.090075,-0.006438,-0.024410,0.084119,0.066688,0.134945,-0.000719,-0.006499,0.039173,-0.004370,0.005746,0.031747,0.046837,0.027020,-0.013973,0.034851},
{0.334173,0.270093,-0.020057,0.051390,0.058370,0.032467,0.010889,-0.066837,-0.105136,0.014312,-0.004273,-0.145276,-0.248124,-0.014710,0.114492,-0.159906},
{-0.035926,0.171607,-0.001199,0.009007,0.038327,0.189440,-0.025512,-0.085700,0.033430,-0.011213,-0.134436,-0.189151,-0.097824,-0.058255,-0.000000,0.076223},
{-0.064534,-0.010131,0.025800,0.029988,0.214210,0.241309,-0.018473,-0.126358,-0.508801,-0.189016,0.068662,0.244999,-0.111340,-0.002710,-0.121047,0.238060},
{-0.424325,-0.149931,-0.086764,0.511538,0.087056,-0.643821,-0.031034,-0.109869,0.000201,0.145261,-0.301778,0.073561,0.474381,-0.136326,0.607932,-0.130761},
{0.051000,-0.118142,-0.016370,0.198788,-0.085907,0.105260,-0.018159,0.064052,-0.247058,-0.182562,0.195404,0.325253,-0.109901,0.123709,0.124550,0.189681},
{-0.134594,-0.078396,0.135751,-0.174838,-0.356074,0.216447,0.081032,0.169060,0.085564,0.004068,0.259054,0.318252,-0.022835,0.267395,-0.893894,0.222724},
{0.220458,-0.142681,-0.134425,-0.045174,0.016442,0.201666,-0.086082,-0.036812,0.094732,0.004959,-0.082775,-0.107146,0.166053,-0.217579,-0.000002,-0.070366},
{-0.118280,0.120689,-0.098713,0.256636,-0.070533,-0.782699,-0.107899,0.222018,0.129915,0.094470,0.113539,0.133495,0.067552,0.124422,0.307278,-0.232408},
{-0.302505,0.320664,-0.447337,0.184046,-0.106863,0.075526,-0.646508,0.048287,0.244469,0.015418,-0.329354,-0.287678,0.101289,0.028889,0.205840,-0.017332},
{-0.093480,-0.005180,0.076389,0.189040,0.339073,-0.199542,0.168694,-0.154278,-0.323544,-0.136254,-0.064536,0.055028,0.041629,-0.316371,0.166715,-0.092266},
{-0.890984,0.380413,-0.272429,0.462240,-0.470536,-0.259676,-0.312618,-0.046328,0.447080,0.149208,-0.421653,-0.227422,0.085716,0.371267,0.636040,-0.307654},
{-0.251856,0.288445,-0.135633,0.186945,-0.098688,-0.844665,0.476227,-0.105969,0.052146,0.133477,-0.031261,0.025219,-0.276294,0.128016,0.498321,0.126458},
{0.280498,-0.008323,0.203585,-0.462374,-0.478308,0.054287,-0.020982,0.227872,0.054603,0.139943,0.361760,0.169025,-0.284025,0.492192,-0.164558,0.467645},
{-0.407329,0.015271,0.250887,-0.039461,0.006525,-0.086107,0.184864,-0.002504,0.153668,0.035234,-0.035125,-0.253415,-0.022198,-0.058606,-0.138666,0.209765},
{0.053104,0.120185,-0.095029,-0.084754,0.045159,-0.181710,-0.088693,0.009042,-0.107116,-0.046992,-0.048668,-0.080222,-0.026861,-0.081872,-0.279020,-0.024371},
{-0.126189,0.206570,-0.412106,0.416191,-0.283383,0.025360,-0.552753,0.051026,0.139107,-0.004792,-0.197643,-0.061683,0.052640,0.268737,0.487753,0.082775},
{-0.148989,0.060656,-0.018312,-0.160826,-0.136333,-0.110810,-0.024474,0.093311,0.105408,0.039335,0.085347,-0.103150,-0.047262,-0.059951,-0.383102,-0.066770},
{0.645290,0.532804,0.039430,0.018960,0.204297,-0.362111,0.076343,-0.190867,-0.436423,0.180497,-0.131747,-0.448428,-0.343951,0.172088,0.394988,-0.362386},
{-0.299499,0.056120,-0.157368,0.325163,0.108065,-0.347734,-0.161571,0.286983,-0.037933,-0.069645,0.261506,0.303848,-0.009679,0.094679,-0.057603,-0.213107},
{0.154779,0.014539,0.071301,0.022389,0.074153,-0.006041,0.134251,-0.133652,-0.339548,-0.060834,-0.022196,-0.013650,-0.090301,-0.102767,0.014778,-0.102412},
{0.324325,-0.053070,0.139725,-0.392329,-0.211356,-0.022795,0.055695,0.078777,0.031575,0.106515,0.199682,0.062878,-0.184413,0.356818,-0.137072,0.213645},
{0.006667,0.001894,-0.052110,0.223100,-0.025170,-0.059602,0.007930,-0.198865,-0.027237,-0.023842,-0.252246,-0.129904,0.145256,-0.074934,0.240869,-0.202986},
{-0.167253,0.187964,0.082119,0.034635,0.036617,-0.064570,0.052922,-0.019858,-0.009377,-0.073398,-0.031121,-0.030250,-0.196607,0.029162,0.242186,0.159778},
{0.214867,-0.179509,-0.176335,-0.088907,0.081618,0.246311,-0.094545,0.019245,0.192177,-0.053177,-0.059002,-0.216746,0.226266,-0.420648,-0.177508,-0.107296},
{0.326092,0.161110,-0.126179,0.332624,0.456727,0.223766,-0.081077,0.073181,-0.464025,-0.242151,0.222634,0.185917,-0.171209,-0.386080,-0.283484,0.100302},
{0.188292,-0.278491,-0.020323,-0.480292,0.130313,0.404607,-0.074368,-0.099704,0.423168,-0.063813,-0.112552,-0.177688,0.187536,-0.327482,-0.205603,0.045991},
{0.155030,0.233136,0.008904,0.351502,0.516212,-0.181308,0.119748,-0.147182,-0.379153,-0.121478,-0.065805,-0.082034,-0.041208,-0.230658,-0.152536,-0.450427},
{0.220565,-0.140930,-0.015634,0.125870,-0.306554,-0.017711,-0.006723,-0.274635,-0.412622,0.051977,-0.202906,-0.196328,0.007063,0.382244,0.764276,0.341590},
{-0.745290,-0.276392,0.188310,-0.317497,-0.489361,-1.059153,0.188786,0.355817,0.332013,0.386815,0.271865,0.213842,0.333717,-0.011900,-0.378959,-0.714434},
{-0.157671,0.037700,0.188228,-0.077276,-0.096535,-0.171734,0.155124,-0.030640,-0.117004,-0.009238,0.044931,0.165887,-0.110550,0.170236,0.018644,0.172739},
{0.071708,0.538656,0.131766,0.049516,0.568926,-0.860684,-0.066313,0.392268,0.051603,-0.025476,0.398511,0.057439,-0.325118,-0.250646,-0.558993,-0.745692},
{-0.060630,-0.089861,0.141523,-0.159931,0.026674,0.239406,-0.022187,0.125812,0.058314,-0.035680,0.197664,0.195882,-0.076159,0.070995,-0.204996,0.338859},
{-0.381968,0.255697,-0.079500,0.306625,-0.255472,-0.075550,-0.147361,0.047458,0.207363,0.058937,-0.158027,-0.022041,-0.008559,0.245320,0.287829,-0.101426},
{-0.116738,0.055943,0.094592,-0.093183,-0.032288,-0.274590,0.057937,0.118577,0.072596,0.070736,0.138219,0.110290,-0.076982,0.157811,-0.003093,0.036464},
{0.182964,-0.100737,-0.156177,-0.046349,0.115085,0.344651,-0.181973,0.453344,-0.083576,-0.167217,0.636522,0.468980,-0.182805,0.045414,-0.541581,0.268272},
{0.129787,0.339430,0.348862,-0.047505,0.228574,0.525787,0.331630,-0.182715,-0.143036,-0.044883,-0.085182,-0.315549,-0.354672,-0.195338,-0.297613,0.337670},
{0.085945,0.106867,0.292014,-0.228555,0.253469,0.162449,0.225371,-0.121563,0.002352,-0.144052,-0.015808,-0.042903,-0.212444,-0.110430,-0.213051,0.301399},
{0.274732,0.072716,-0.248318,0.270350,0.249456,-0.020980,-0.251263,0.222569,-0.228964,-0.169712,0.287285,0.259922,-0.034352,-0.186162,0.150869,-0.206389},
{-0.259699,0.206492,-0.163901,0.254367,-0.237428,-0.143625,-0.067448,0.122870,0.204343,0.066382,-0.106147,-0.066670,0.056736,0.113891,0.041171,-0.220740},
{0.158118,-0.120859,-0.148361,-0.282865,-0.148245,0.028920,-0.043281,0.044257,0.215386,0.149994,-0.115192,-0.341343,0.127166,0.021038,-0.257255,-0.147507},
{0.145246,0.056908,-0.066534,0.018123,0.208197,-0.049285,-0.030573,0.110407,-0.176091,-0.068396,0.169178,0.042800,-0.067741,-0.189162,-0.139757,-0.147147},
{-0.308190,0.122638,0.127928,-0.079837,-0.126766,0.049389,-0.013227,0.051220,-0.063170,0.080396,-0.045447,-0.088765,-0.040241,0.024411,0.035927,0.116969},
{0.123667,-0.008047,0.031778,-0.209823,-0.067675,-0.026017,0.052633,0.018721,0.162789,0.060437,-0.064445,-0.113300,0.066163,-0.063575,-0.363769,-0.143681},
{0.206229,-0.496176,0.036035,-0.481284,-0.191656,0.210246,0.051367,-0.148846,0.449254,0.182227,-0.236067,-0.348358,0.368460,-0.438726,-0.191471,-0.161034},
{0.222416,-0.076673,0.086314,-0.327511,-0.163328,-0.136694,0.058838,0.182693,0.050648,0.151040,0.275637,0.032463,-0.113183,0.180276,-0.263337,-0.252280},
{-0.214999,0.017187,0.112219,-0.122833,-0.167198,0.189568,0.006303,0.318520,0.286213,0.164435,0.352970,-0.342018,-0.082079,-0.304256,-0.303914,0.226234},
{-0.123934,0.258354,-0.414547,0.320655,-0.245276,0.380183,-0.353140,-0.047298,0.294306,0.120475,-0.438507,-0.336262,0.181040,0.237419,0.304345,-0.657187},
{0.095913,-0.140868,0.144468,0.157168,0.000771,0.025151,0.057016,-0.095454,-0.194760,-0.080547,-0.021990,0.169993,0.020721,0.073079,0.359718,0.080772},
{0.112411,-0.055891,-0.004520,0.048850,-0.220158,0.301782,-0.005882,0.017111,-0.278253,-0.094028,0.129806,0.220938,-0.152728,-0.114351,0.137693,0.399086},
{0.012758,0.365852,-0.297000,0.179027,0.091019,0.093764,-0.298941,-0.009250,0.106118,-0.010139,-0.200684,-0.300146,-0.071473,0.018275,0.116393,-0.133120},
{-0.164836,0.193895,0.178976,-0.089358,0.090269,0.095916,0.106851,-0.028892,0.059721,-0.085466,0.001857,-0.020803,-0.212515,-0.027044,-0.070437,0.254224},
{0.133140,-0.068318,0.050922,0.127454,-0.212170,-0.006266,-0.044992,-0.034109,-0.185100,-0.057166,0.079575,0.172293,-0.029530,0.294869,0.346078,0.161548},
{0.212181,-0.162270,0.093025,-0.227478,-0.071301,-0.106913,0.124039,-0.110537,-0.023993,-0.013160,-0.028837,-0.104853,0.067323,-0.210362,-0.215351,-0.053480},
{0.214190,0.033884,-0.107328,0.047027,0.223444,-0.233141,-0.060988,0.225774,-0.540873,-0.013009,0.256562,0.066610,0.009398,-0.123445,-0.307709,-0.204951},
{0.104957,-0.040237,-0.011858,0.082117,-0.040512,-0.106553,-0.006740,-0.044588,-0.235963,0.025881,0.052804,0.131702,-0.056140,0.209851,0.180315,0.146114},
{-0.132360,0.075017,-0.026481,0.002713,-0.058232,-0.159367,-0.036978,0.039475,-0.097096,-0.080421,0.039628,0.129367,-0.056264,0.022191,0.051892,0.076819},
{-0.518862,0.024517,0.345223,-0.042991,0.148264,0.021735,0.281601,-0.042535,0.137404,-0.072656,-0.014322,0.058465,-0.073099,0.016225,-0.153430,0.028345},
{0.594453,-0.054419,0.058331,-0.345855,-0.355151,-0.757571,0.023304,0.221989,0.003833,0.330723,0.333205,0.133350,-0.077643,0.458132,0.192739,0.092913},
{-0.367917,0.169751,0.037652,0.065503,0.341686,-0.458897,0.006855,0.332173,-0.081313,0.126267,0.214685,-0.017607,0.060612,-0.075487,-0.554710,-0.432755},
{0.531446,-0.136925,-0.278840,0.211527,-0.088584,0.358226,-0.288078,0.046209,-0.272204,-0.168131,0.154673,0.229895,-0.010235,-0.050392,0.379573,0.053226},
{-0.527377,0.166477,0.147298,0.237108,-0.397366,-0.291382,0.107544,0.028244,0.146712,0.072408,-0.075078,0.241276,-0.041349,0.408314,0.366926,0.200277},
{0.353600,-0.098398,-0.211453,-0.085665,0.145476,0.078217,-0.057969,-0.085834,0.109646,0.078838,-0.242514,-0.250396,0.246502,-0.220877,0.113740,-0.302652},
{-0.193574,-0.183192,-0.119340,-0.067292,-0.809801,0.032930,-0.332586,0.099239,0.137711,0.124758,0.236817,0.379423,-0.103590,0.485073,0.105537,0.441342},
{-0.366074,0.574438,0.094158,0.155352,0.200377,0.759661,-0.009663,-0.425612,0.338778,-0.151814,-0.640059,-0.407447,-0.245234,-0.306493,0.617451,0.462605},
{-0.100934,0.155736,0.136308,-0.048575,0.088708,-0.709045,0.117170,0.378392,0.077017,0.119788,0.467264,0.279072,-0.202608,0.267114,-0.279944,-0.132087},
{-0.518590,-0.014378,0.030823,0.033646,-0.257393,-0.072172,-0.032842,0.073220,-0.053282,0.091875,-0.067890,0.109179,0.098629,0.189284,0.065266,0.088327},
{0.114391,-0.287618,0.160126,0.069004,0.029097,-0.439937,0.256121,-0.087390,-0.294242,0.084498,-0.090276,0.220649,0.172739,0.151475,0.110024,-0.257320},
{0.180477,0.064198,-0.139195,-0.228543,-0.280461,0.193964,-0.149394,0.192583,0.001506,-0.144466,0.209079,0.154344,-0.155325,0.040213,-0.541597,-0.083701},
{0.300900,-0.018052,0.067223,0.062371,0.099565,0.324251,-0.005600,-0.103137,-0.556665,-0.118628,0.004237,-0.016212,-0.087740,-0.012040,0.165127,0.127792},
{0.282912,0.390931,-0.229635,0.135929,0.029066,-0.379693,-0.402176,0.202618,-0.022503,0.079237,0.138791,-0.244278,-0.253435,0.036997,0.329366,-0.484923},
{0.459097,0.648820,-0.044065,0.260959,-0.026384,-0.393071,-0.063195,-0.023547,-0.034670,0.102673,-0.109904,-0.397093,-0.347886,0.193351,0.376281,0.013310},
{0.224638,-0.192230,0.053687,-0.118536,0.182820,-0.138517,0.125453,0.178293,-0.215067,0.008070,0.387384,0.201356,0.035878,0.072882,-0.096675,-0.302746},
{-0.160135,0.144757,0.086209,0.016874,0.008186,0.021697,0.068893,-0.099983,0.022955,-0.026453,-0.129698,-0.101858,-0.082342,-0.005339,-0.076405,0.061902},
{0.244095,0.133343,-0.082467,0.017138,0.030891,0.000069,-0.060741,-0.128644,-0.130436,-0.036336,-0.144068,-0.169447,-0.057410,-0.060062,0.145695,-0.061755},
{0.499127,-0.183251,-0.109087,0.272762,-0.026354,-0.708216,0.052551,-0.012616,-0.306076,0.120502,0.130996,-0.248535,0.200176,-0.364745,0.434403,-0.450480},
{0.248849,0.119580,-0.075376,0.128152,0.414671,0.053544,-0.015255,0.077147,-0.253297,-0.154820,0.157847,0.030655,-0.087604,-0.330849,-0.274585,-0.228247},
{0.303622,-0.136908,0.118850,-0.270090,-0.104387,-0.086457,0.107679,0.055524,-0.087966,0.061796,0.192368,0.104135,-0.041693,0.084855,-0.157047,0.039889},
{-0.355654,-0.473206,0.133052,0.065514,0.079776,0.261586,0.200974,-0.103056,0.085943,-0.008938,-0.077966,0.197911,0.422712,-0.085802,-0.083396,-0.332481},
{0.377212,-0.111492,0.288103,0.155062,0.249468,-0.095522,0.314240,-0.322320,-0.218118,-0.115933,-0.262947,-0.080187,0.015062,-0.273422,0.396374,-0.144042},
{-0.174865,-0.397238,0.185665,-0.408284,-0.262987,-0.290173,0.128194,0.225679,0.122853,0.253210,0.253540,0.170998,0.190813,0.254822,-0.172033,0.068521},
{-0.090414,-0.085481,-0.168223,0.097219,0.029917,0.042010,-0.131760,0.103737,0.042812,-0.038609,0.057570,0.086250,0.127479,-0.101625,-0.049085,-0.139252},
{0.174976,-0.036961,0.066793,0.099989,0.064501,0.174006,0.044621,-0.049442,-0.027953,-0.036710,0.011358,0.038008,-0.000275,-0.055682,-0.028679,0.077854},
{0.156206,-0.014521,0.062290,-0.073816,-0.007634,-0.112678,0.070498,0.019096,-0.055597,-0.005212,0.072838,-0.262144,-0.029945,-0.197226,0.092223,0.021960},
{0.110520,0.072904,-0.076496,0.133183,0.137589,0.000507,-0.057664,-0.076658,-0.063044,-0.063240,-0.054277,-0.039850,0.002297,-0.230339,0.251687,-0.056983},
{-0.058578,-0.075407,-0.023870,-0.062447,0.046453,-0.132922,-0.008256,0.237854,0.032759,-0.000646,0.242361,0.239170,0.053422,-0.043211,-0.568475,0.039458},
{0.134648,0.065875,-0.090358,0.086265,0.056789,-0.029492,-0.091447,0.065108,-0.206629,-0.037317,0.147434,0.127729,-0.120250,0.115540,0.011092,0.106868},
{0.305818,0.244388,-0.200243,0.245164,0.360229,-0.189117,-0.124286,0.121012,-0.381080,-0.122194,0.200154,0.035690,-0.161329,-0.320098,-0.215133,-0.272153}
}
local HiddenBias = {0.168598,0.567434,0.485437,0.077582,0.176258,0.158029,0.465605,0.399345,0.399818,0.238342,0.280799,0.122638,0.543439,0.330030,-0.038192,0.287457}
local OutputWeights = {
{-2.546227,-0.529812,-1.010690,-1.484226,1.365894,0.766096,1.488953,2.319152},
{-1.305001,1.586944,-1.298424,1.815658,1.354925,-1.125646,-1.465637,0.393574},
{1.006467,1.077408,0.565154,-1.347772,-1.125265,-0.846727,-0.620324,0.877503},
{-1.139648,-0.349156,1.513648,1.623006,1.018550,0.673341,-1.803491,-1.020112},
{-1.199822,1.193405,1.060553,-1.275745,1.872589,-1.476263,0.091478,-0.215401},
{-2.550772,1.879453,-0.622440,-0.749778,-0.953567,2.406772,1.353032,-0.243425},
{0.578676,0.686408,1.192424,-1.541179,-0.710945,-0.933167,-0.320632,0.911509},
{1.630922,-0.834099,-1.290700,-0.091452,1.021792,-0.115531,-0.315073,-0.948094},
{1.608095,0.456817,-1.133151,1.538728,-1.377515,-1.702957,1.337139,-0.982417},
{0.787170,-1.052742,-0.450307,0.554394,-0.604024,-0.843160,0.279138,0.822640},
{1.944960,-1.036497,-1.038155,-1.522766,1.356654,0.456670,-0.595194,-0.165343},
{1.870280,-1.000591,0.683178,-1.201410,0.097813,1.318989,-1.585011,-0.906848},
{0.185586,-1.427799,1.444438,-0.033536,-0.946983,-0.157312,1.310277,-1.040060},
{1.440149,-0.780940,-1.455653,1.086331,-1.380153,0.581883,-1.631969,1.147164},
{-2.924791,-0.403056,1.109673,1.892812,-0.912452,1.440865,-0.048552,1.692848},
{0.910623,1.533153,-1.565076,-0.781832,-1.658702,1.875854,-1.095856,-0.393395}
}
local OutputBias = {0.021745,-0.285814,-0.236337,0.056470,0.403435,-0.413795,0.502497,-0.677177}
local Invisible = {[0x00AD]=true,[0x061C]=true,[0x180E]=true,[0x200B]=true,[0x200C]=true,[0x200D]=true,[0x200E]=true,[0x200F]=true,[0x202A]=true,[0x202B]=true,[0x202C]=true,[0x202D]=true,[0x202E]=true,[0x2060]=true,[0x2066]=true,[0x2067]=true,[0x2068]=true,[0x2069]=true,[0xFEFF]=true}
local Confusables = {[0x0430]="a",[0x0435]="e",[0x043E]="o",[0x0440]="p",[0x0441]="c",[0x0445]="x",[0x0456]="i",[0x04CF]="l",[0x0455]="s",[0x0410]="a",[0x0415]="e",[0x041E]="o",[0x0420]="p",[0x0421]="c",[0x0425]="x",[0x03B1]="a",[0x03B5]="e",[0x03B9]="i",[0x03BF]="o",[0x03C1]="p",[0x0391]="a",[0x0395]="e",[0x0399]="i",[0x039F]="o",[0x03A1]="p",[0x2018]="'",[0x2019]="'",[0x201C]='"',[0x201D]='"',[0x00A0]=" "}
local Leet = {["0"]="o",["1"]="i",["3"]="e",["4"]="a",["5"]="s",["7"]="t",["@"]="a",["$"]="s"}
local Deobfuscate = {"kill","idiot","stupid","loser","moron","worthless","password","nudes","naked","sext","fuck","shit","bitch","asshole"}
local function compactRuns(word: string): string
    local pieces = {}
    local prior = ""
    for index = 1, #word do
        local letter = word:sub(index, index)
        if letter ~= prior then
            pieces[#pieces + 1] = letter
            prior = letter
        end
    end
    return table.concat(pieces)
end
local Separated = {}
local Stretched = {}
for _, word in ipairs(Deobfuscate) do
    local letters = {}
    for index = 1, #word do
        letters[index] = word:sub(index, index)
    end
    Separated[#Separated + 1] = {"%f[%w]" .. table.concat(letters, "[%s%._%-]+") .. "%f[%W]", word}
    Stretched[compactRuns(word)] = word
end

local function wordSet(text)
    local result = {}
    for word in text:gmatch("%S+") do
        result[word] = true
    end
    return result
end

local function wordsOf(text, limit)
    local words = {}
    local last = 0
    for position, word in text:gmatch("()([%w]+)") do
        if #words == limit then
            return words, last, true
        end
        words[#words + 1] = word
        last = position + #word - 1
    end
    return words, last, false
end

local function normalize(text)
    if type(text) ~= "string" or #text > 2048 then
        return nil
    end
    local valid, length = pcall(utf8.len, text)
    if not valid or not length then
        return nil
    end
    local pieces = {}
    local changed = false
    local count = 0
    for _, point in utf8.codes(text) do
        count += 1
        if count > 500 then
            break
        end
        if Invisible[point] then
            changed = true
        elseif point >= 0xFF01 and point <= 0xFF5E then
            pieces[#pieces + 1] = string.char(point - 0xFF01 + 0x21)
            changed = true
        elseif Confusables[point] then
            pieces[#pieces + 1] = Confusables[point]
            if point < 0x2018 or point > 0x201D then
                changed = true
            end
        elseif point < 32 then
            pieces[#pieces + 1] = point == 10 and ";" or " "
        else
            pieces[#pieces + 1] = utf8.char(point)
        end
    end
    local cleaned = string.lower(table.concat(pieces)):gsub("(%w)'(%w)", "%1%2")
    for _, entry in ipairs(Separated) do
        local replacements
        cleaned, replacements = cleaned:gsub(entry[1], entry[2])
        changed = changed or replacements > 0
    end
    cleaned = cleaned:gsub("[%w@$]+", function(word)
        local candidate = word
        if word:find("%a") and #word > 2 then
            candidate = word:gsub("[013457@$]", Leet)
        end
        local compact = candidate:find("(.)%1") and compactRuns(candidate) or candidate
        local canonical = Stretched[compact]
        if canonical and #candidate > #canonical and #candidate <= #canonical * 4 then
            candidate = canonical
        end
        if candidate ~= word then
            changed = true
        end
        return candidate
    end)
    local words, last, tokenCut = wordsOf(cleaned, 96)
    if tokenCut then
        cleaned = cleaned:sub(1, last)
    end
    return cleaned, words, changed, length > 500 or tokenCut
end

local function hash(text)
    local value = 5381
    for index = 1, #text do
        value = (value * 33 + string.byte(text, index)) % 256
    end
    return value + 1
end

local function infer(words)
    local features = {}
    local active = {}
    local function add(key, amount)
        local index = hash(key)
        if not features[index] then
            active[#active + 1] = index
        end
        features[index] = math.min(2, (features[index] or 0) + amount)
    end
    for index, word in ipairs(words) do
        add("u:" .. word, 1)
        if index > 1 then
            add("b:" .. words[index - 1] .. " " .. word, 0.7)
        end
    end
    local norm = 0
    for _, index in ipairs(active) do
        norm += features[index] * features[index]
    end
    norm = math.max(math.sqrt(norm), 1e-9)
    local hidden = {}
    for column = 1, 16 do
        hidden[column] = HiddenBias[column]
    end
    for _, index in ipairs(active) do
        local value = features[index] / norm
        local row = InputWeights[index]
        for column = 1, 16 do
            hidden[column] += value * row[column]
        end
    end
    local logits = {}
    local maximum = -math.huge
    for output = 1, #ModelLabels do
        local value = OutputBias[output]
        for column = 1, 16 do
            value += math.max(hidden[column], 0) * OutputWeights[column][output]
        end
        logits[output] = value
        maximum = math.max(maximum, value)
    end
    local denominator = 0
    for index, value in ipairs(logits) do
        logits[index] = math.exp(value - maximum)
        denominator += logits[index]
    end
    local scores = {}
    local label, confidence = "benign", 0
    for index, value in ipairs(logits) do
        local probability = value / denominator
        scores[ModelLabels[index]] = probability
        if probability > confidence then
            label, confidence = ModelLabels[index], probability
        end
    end
    return scores, label, confidence
end

local function phrases(text)
    local result = {byFirst={}}
    for phrase in text:gmatch("[^|]+") do
        local words = wordsOf(phrase, 96)
        result[#result + 1] = words
        local candidates = result.byFirst[words[1]]
        if not candidates then
            candidates = {}
            result.byFirst[words[1]] = candidates
        end
        candidates[#candidates + 1] = words
    end
    return result
end

local function matchAt(words, phrase, start)
    if start < 1 or start + #phrase - 1 > #words then
        return false
    end
    for index, word in ipairs(phrase) do
        if words[start + index - 1] ~= word then
            return false
        end
    end
    return true
end

local function findPhrase(words, choices)
    for start = 1, #words do
        local candidates = choices.byFirst[words[start]]
        if candidates then
            for _, phrase in ipairs(candidates) do
                if matchAt(words, phrase, start) then
                    return start, start + #phrase - 1
                end
            end
        end
    end
    return nil
end

local Negation = wordSet("not never dont wont cannot cant avoid stop isnt arent wasnt werent")
local function negated(words, index, stopAtSubject)
    for before = index - 1, math.max(1, index - 6), -1 do
        local word = words[before]
        if word == "and" or word == "but" or word == "however" then
            break
        end
        if Negation[word] then
            return true
        end
        if stopAtSubject and (word == "i" or word == "im" or word == "ill") then
            break
        end
    end
    return false
end

local function findAction(words, choices)
    for start = 1, #words do
        local candidates = choices.byFirst[words[start]]
        if candidates then
            for _, phrase in ipairs(candidates) do
                if matchAt(words, phrase, start) and not negated(words, start) then
                    return start, start + #phrase - 1
                end
            end
        end
    end
    return nil
end

local Reports = phrases("he said|she said|they said|someone said|player said|he told me|she told me|they told me|someone told me|he says|she says|they say|called me|calling me|im reporting|i am reporting|i reported|for saying|the message says|this song says|the song says|song lyrics|a quote|quoted|in the story|in my story|in this story|in the book|for my script|for a script|an example|for example|sent me|a message saying")
local GameContext = phrases("in game|ingame|in this game|in the game|next round|this round|next match|this match|in roblox|your avatar|your character|you respawn|will respawn|to respawn")
local RealWorld = phrases("real life|irl|after school|your family|your parents|your house|your home|your school|where you live|outside the game")
local SafetyContext = phrases("never share|do not share|dont share|do not send|dont send|do not give|dont give|never send|avoid sharing|stop asking|do not ask|dont ask|beware of|watch out for|do not click|dont click|never click|not suicidal|dont want to die|do not want to die|no longer want|not an idiot|not stupid|not a loser")
local SelfHarm = phrases("i want to die|i want to kill myself|im going to hurt myself|i am going to hurt myself|i feel suicidal|i am suicidal|im suicidal|i want to end my life|i dont want to live|i do not want to live|i cannot keep living|i cant keep living|i want to hurt myself|i am thinking about suicide|im thinking about suicide|i am going to kill myself|im going to kill myself|im thinking of ending my life|i dont want to be alive|i do not want to be alive|i feel like killing myself|i am hurting myself|im hurting myself|i might kill myself|im going to end my life|i plan to kill myself|i cannot go on living|i want to take my own life|im considering suicide|i am considering suicide|i might hurt myself|im scared i will hurt myself|i have thoughts of suicide|i dont feel safe with myself|im thinking about hurting myself|i wish i was dead|i wish i could die|i really want to die|i am planning to kill myself|i feel like ending my life|i wish i wasnt alive|im thinking of suicide")
local Harassment = phrases("kill yourself|go die|you should die|you deserve to die|nobody likes you|everyone hates you")
local Insults = wordSet("idiot stupid loser moron dumb trash worthless ugly pathetic useless fool dumbass asshole bitch creep disgusting retard")
local InsultLinks = wordSet("are r so such a an the very really fucking damn just were being look seem complete total")
local Profanity = wordSet("fuck fucking shit bullshit asshole bitch dumbass")
local HarmVerbs = wordSet("kill murder shoot stab hurt attack dox bomb")
local FirstPerson = wordSet("i ill im")
local Intent = wordSet("will gonna going shall plan planning intend want")
local OtherSubject = wordSet("if unless while because whether so someone somebody anyone anybody nobody noone they he she we")
local Targets = wordSet("you u your ur him her them everyone everybody people")
local StrongThreats = phrases("i will break your neck|ill break your neck|i will break your bones|ill break your bones|i will burn your house|i will make you bleed|i will beat you up|ill beat you up|im going to leak your address|i will leak your address|you will be dead tomorrow")
local Requests = wordSet("send give share tell show paste enter provide reveal whats what where which")
local SexualRequests = wordSet("send show give share trade exchange post dm need want")
local SexualWords = wordSet("nudes nude naked porn nsfw boobs breasts penis genitals vagina dick pussy")
local EducationalLinks = wordSet("of a an the human")
local SexualPhrases = phrases("have sex with me|lets have sex|want sex|sex with you|want to sext|lets sext|take off your clothes|photo without clothes|picture without clothes|show your private parts|show me your private parts|see you naked|see your boobs|see your penis")
local CredentialObjects = phrases("your password|your login password|your email password|your bank password|your verification code|the verification code|your recovery code|the recovery code|your session cookie|the session cookie|your account cookie|your cookie|your auth token|your authentication token|your 2fa code|your one time code|your otp|your login details|your credit card number|your security code")
local PrivacyObjects = phrases("your home address|your street address|your address|your real address|your phone number|your mobile number|your personal phone number|your full name|your real name|your legal name|your full legal name|your ip address|your email address|your personal email|your school name|your house number|your parents phone number|your identity card|your social security number|your birth date|your live location|your exact location|your passport number|the address of your house")
local LocationRequests = phrases("tell me where you live|where do you live|which school do you go to|what street do you live on|where is your school")
local FreeOffers = phrases("free robux|double your robux|free bitcoin|free gift cards|free gift card|robux generator")
local OfferActions = wordSet("click visit claim send pay download enter login")
local Platforms = wordSet("discord telegram whatsapp snapchat instagram snap kik")
local ContactRequests = phrases("add me|message me|dm me|contact me|send me your|send your|give me your|what is your|whats your|my discord is|my snapchat is|my instagram is|my telegram is|my discord username|my instagram username|lets talk|find me|join my|talk to me|we can chat|move to|text me|meet me|share your|friend me|add my|move our chat")
local ProtectedGroups = wordSet("muslims jews christians hindus gays lesbians transgender immigrants blacks asians disabled")
local Weights = {insult=0.47,harassment=0.64,threat=0.92,profanity=0.30,sexual_solicitation=0.84,minor_related_sexual=0.98,credential_theft=0.89,scam=0.76,personal_information=0.56,external_contact=0.43,hate=0.93}
local Aliases = {harassment="insult",profanity="insult",minor_related_sexual="sexual_solicitation",credential_theft="scam",hate="threat"}

local function hasSet(words, set)
    for _, word in ipairs(words) do
        if set[word] then
            return true
        end
    end
    return false
end

local function requestFor(words, objects)
    for start = 1, #words do
        local candidates = objects.byFirst[words[start]]
        if candidates then
            for _, object in ipairs(candidates) do
                if matchAt(words, object, start) then
                    for before = math.max(1, start - 8), start - 1 do
                        if Requests[words[before]] and not negated(words, before) and not negated(words, start) then
                            return true
                        end
                    end
                end
            end
        end
    end
    return false
end

local function minorContext(words)
    for index, word in ipairs(words) do
        if word == "underage" or word == "minors" or word == "children" or word == "kids" then
            return true
        end
        local age = tonumber(word)
        if age and age >= 1 and age < 18 and age % 1 == 0 then
            local prior, earlier = words[index - 1], words[index - 2]
            if prior == "im" or prior == "youre" or (prior == "am" and earlier == "i") or (prior == "are" and earlier == "you") or (words[index + 1] == "years" and words[index + 2] == "old") then
                return true
            end
        end
    end
    return false
end

local function sexualRequest(words)
    local explicit = findAction(words, SexualPhrases)
    if explicit then
        return true
    end
    for index, word in ipairs(words) do
        local nextWord = words[index + 1]
        local harmless = (word == "nude" and (nextWord == "color" or nextWord == "colour" or nextWord == "shade" or nextWord == "palette" or nextWord == "paint")) or (word == "naked" and (nextWord == "mole" or nextWord == "eye" or nextWord == "truth"))
        if word == "penis" or word == "vagina" or word == "breasts" or word == "genitals" then
            for before = index - 1, math.max(1, index - 5), -1 do
                local prior = words[before]
                if prior == "diagram" or prior == "anatomy" then
                    harmless = true
                    break
                end
                if not EducationalLinks[prior] then
                    break
                end
            end
        end
        if SexualWords[word] and not harmless and not negated(words, index) then
            for before = math.max(1, index - 7), index - 1 do
                if SexualRequests[words[before]] and not negated(words, before) then
                    return true
                end
            end
        end
    end
    return false
end

local function directThreat(words)
    local start = findAction(words, StrongThreats)
    if start then
        return true
    end
    for index, word in ipairs(words) do
        if HarmVerbs[word] and not negated(words, index, true) then
            local target = false
            local publicPlace = false
            for after = index + 1, math.min(#words, index + 4) do
                if Targets[words[after]] then
                    target = true
                    break
                end
                if words[after] == "school" or words[after] == "hospital" then
                    target = true
                    publicPlace = true
                    break
                end
                if words[after] == "npc" or words[after] == "boss" or words[after] == "zombie" or words[after] == "zombies" then
                    break
                end
            end
            if target then
                local subject, intention = false, false
                for before = index - 1, math.max(1, index - 12), -1 do
                    local prior = words[before]
                    if OtherSubject[prior] then
                        break
                    end
                    intention = intention or Intent[prior] == true or prior == "ill"
                    if FirstPerson[prior] then
                        subject = true
                        break
                    end
                end
                if (subject and intention) or (publicPlace and (word == "bomb" or word == "shoot")) then
                    return true
                end
            end
        end
    end
    return false
end

local function violentGroup(words)
    for index, word in ipairs(words) do
        if (word == "kill" or word == "murder") and not negated(words, index) then
            local after = index + 1
            if words[after] == "all" then
                after += 1
            end
            if words[after] == "the" then
                after += 1
            end
            if ProtectedGroups[words[after]] then
                return true
            end
        elseif ProtectedGroups[word] then
            local after = index + 1
            if words[after] == "people" then
                after += 1
            end
            if words[after] == "should" then
                after += 1
                if words[after] == "all" then
                    after += 1
                end
                if words[after] == "die" and not negated(words, after) then
                    return true
                end
            end
        end
    end
    return false
end

local function targetedInsult(words)
    for index, word in ipairs(words) do
        if Insults[word] and not negated(words, index) then
            for before = index - 1, math.max(1, index - 6), -1 do
                local prior = words[before]
                if prior == "you" or prior == "youre" or prior == "ur" or prior == "u" then
                    return true
                end
                if not InsultLinks[prior] then
                    break
                end
            end
            if index >= 3 and words[index - 2] == "shut" and words[index - 1] == "up" then
                return true
            end
        end
    end
    return false
end

local function analyze(text)
    local normalized, tokens, changed, truncated = normalize(text)
    if not normalized or truncated then
        return {normalized=normalized or "",category="unknown",confidence=0,risk=0,scores={},evidence={normalized and "input_truncated" or "invalid_input"},corroborated=false,support=false,needsSupport=false,obfuscated=false,invalid=normalized == nil,truncated=truncated == true}
    end
    local scores, neuralCategory, neuralConfidence = infer(tokens)
    local result = {normalized=normalized,category="benign",confidence=scores.benign or 0,risk=0,scores=scores,evidence={},corroborated=false,support=false,needsSupport=false,obfuscated=false,invalid=false,truncated=truncated}
    if #tokens == 0 then
        result.confidence = 1
        return result
    end
    local policyText = normalized
    local contextual = false
    policyText = " " .. policyText .. " "
    policyText = policyText:gsub("%f[%w]but%f[%W]", ";"):gsub("%f[%w]however%f[%W]", ";"):gsub("%f[%w]and i%f[%W]", "; i")
    policyText = policyText:gsub("(he said),", "%1 "):gsub("(she said),", "%1 "):gsub("(they said),", "%1 "):gsub("(someone said),", "%1 ")
    local clauses = {}
    local minor = false
    for clause in policyText:gmatch("[^%.,%!%?%;\n]+") do
        local words = wordsOf(clause, 96)
        if #words > 0 then
            local reported = findPhrase(words, Reports)
            if reported and reported <= 4 then
                contextual = true
            else
                clauses[#clauses + 1] = words
                minor = minor or minorContext(words)
                contextual = contextual or findPhrase(words, SafetyContext) ~= nil
                local supportStart, supportEnd = findPhrase(words, SelfHarm)
                if supportStart and not negated(words, supportStart) then
                    local withdrawn = false
                    for before = math.max(1, supportStart - 4), supportStart - 1 do
                        withdrawn = withdrawn or words[before] == "not" or words[before] == "never"
                    end
                    if not withdrawn and supportEnd then
                        result.needsSupport = true
                    end
                end
            end
        end
    end
    local chosenWeight = 0
    local seen = {}
    local function signal(category, evidence)
        local weight = Weights[category]
        if weight > chosenWeight then
            result.category = category
            chosenWeight = weight
        end
        if not seen[evidence] and #result.evidence < 6 then
            seen[evidence] = true
            result.evidence[#result.evidence + 1] = evidence
        end
        result.corroborated = true
    end
    for _, words in ipairs(clauses) do
        local inGame = findPhrase(words, GameContext) ~= nil and not findPhrase(words, RealWorld)
        local targeted = targetedInsult(words)
        if targeted then
            signal("insult", "targeted_insult")
        end
        local harassment = findAction(words, Harassment)
        if harassment and (not inGame or words[harassment] == "nobody" or words[harassment] == "everyone") then
            signal("harassment", "targeted_harassment")
        end
        if directThreat(words) then
            if inGame then
                contextual = true
            else
                signal("threat", "direct_threat")
            end
        end
        if sexualRequest(words) then
            signal(minor and "minor_related_sexual" or "sexual_solicitation", minor and "age_and_sexual_request" or "sexual_request")
        end
        if requestFor(words, CredentialObjects) then
            signal("credential_theft", "credential_request")
        end
        if requestFor(words, PrivacyObjects) then
            signal("personal_information", "private_information_request")
        end
        local location = findAction(words, LocationRequests)
        if location and not inGame then
            signal("personal_information", "private_location_request")
        end
        local offer = findAction(words, FreeOffers)
        if offer then
            for index, word in ipairs(words) do
                if OfferActions[word] and not negated(words, index) then
                    signal("scam", "reward_lure")
                    break
                end
            end
        end
        if hasSet(words, Platforms) then
            local contact = findAction(words, ContactRequests)
            if contact then
                signal("external_contact", "off_platform_contact")
            end
        end
        if violentGroup(words) then
            signal("hate", "violent_group_targeting")
        end
        if not targeted then
            for index, word in ipairs(words) do
                if Profanity[word] and not negated(words, index) then
                    signal("profanity", "explicit_profanity")
                    break
                end
            end
        end
    end
    if result.needsSupport and (not result.corroborated or result.category == "profanity") then
        result.category = "self_harm"
        result.confidence = 0.90 + 0.09 * (scores.self_harm or 0)
        result.risk = 0
        result.corroborated = false
        result.support = true
        result.evidence = {"support_request"}
    elseif result.corroborated then
        local matching = scores[Aliases[result.category] or result.category] or 0
        result.confidence = 0.80 + 0.18 * matching
        result.risk = chosenWeight * (0.90 + 0.10 * matching)
        result.obfuscated = changed
        if changed and #result.evidence < 6 then
            result.evidence[#result.evidence + 1] = "normalized_evasion"
        end
    elseif contextual then
        result.category = "benign"
        result.confidence = math.max(scores.benign or 0, 0.75)
        result.evidence = {"contextual_language"}
    elseif neuralCategory ~= "benign" and neuralCategory ~= "self_harm" and neuralConfidence >= 0.60 then
        result.category = neuralCategory
        result.confidence = neuralConfidence
        result.risk = 0.18 * neuralConfidence
        result.evidence = {"model_signal"}
    end
    return result
end

return {
    analyze=analyze,
    version="Starlight Local 2.0.0",
    info={architecture="256 hashed features / 16 ReLU units / 8 outputs",parameters=4248,trainingExamples=309,validationExamples=60,validationAccuracy=0.85,language="English",maxBytes=2048,maxCharacters=500,maxTokens=96,calibrated=false,onlineTraining=false},
}

end)()

local Runtime = (function()
	local Players = game:GetService("Players")
	local TextChatService = game:GetService("TextChatService")
	local DataStoreService = game:GetService("DataStoreService")
	local RunService = game:GetService("RunService")
	local HttpService = game:GetService("HttpService")
	assert(RunService:IsServer(), "Starlight Neural must run in ServerScriptService")

	local states, pending, audit, connections = {}, {}, {}, {}
	local metrics = {messages = 0, analyses = 0, cached = 0, blocked = 0, errors = 0, saves = 0, saveFailures = 0, persistenceDropped = 0, overload = 0, totalAnalysisTime = 0, maxAnalysisTime = 0}
	local active, closing, workers, pendingCount = true, false, 0, 0
	local nextSave, windowStart, windowCount, windowCost = os.clock() + CONFIG.PersistenceInterval, os.clock(), 0, 0
	local draining = false
	local store, lastErrorAt = nil, -math.huge
	local sessionId = HttpService:GenerateGUID(false)
	local changeSequence = 0
	local bound = setmetatable({}, {__mode = "k"})
	local api = {}

	local function finite(value, fallback, minimum, maximum)
		if type(value) ~= "number" or value ~= value or value == math.huge or value == -math.huge then
			return fallback
		end
		return math.clamp(value, minimum, maximum)
	end

	local function issue(message)
		metrics.errors += 1
		if os.clock() - lastErrorAt >= 30 then
			lastErrorAt = os.clock()
			warn("[Starlight Neural] " .. message)
		end
	end

	local function newCache(capacity, ttl)
		return {map = {}, ring = table.create(capacity), next = 1, size = 0, capacity = capacity, ttl = ttl}
	end

	local cache = newCache(CONFIG.CacheLimit, CONFIG.CacheTTL)
	local semanticCache = newCache(CONFIG.SemanticCacheLimit, CONFIG.SemanticCacheTTL)

	local function cacheGet(target, key, now)
		local entry = target.map[key]
		if entry and entry.expires > now then
			return entry.value
		end
		return nil
	end

	local function cachePut(target, key, value, now)
		local old = target.ring[target.next]
		if old and target.map[old.key] == old then
			target.map[old.key] = nil
			target.size -= 1
		end
		local entry = {key = key, value = value, expires = now + target.ttl}
		if not target.map[key] then target.size += 1 end
		target.map[key] = entry
		target.ring[target.next] = entry
		target.next = target.next % target.capacity + 1
	end

	local function pruneCache(target, now)
		for index, entry in target.ring do
			if entry.expires <= now then
				if target.map[entry.key] == entry then
					target.map[entry.key] = nil
					target.size -= 1
				end
				target.ring[index] = nil
			end
		end
	end

	local function push(list, value, limit)
		if #list >= limit then table.remove(list, 1) end
		list[#list + 1] = value
	end

	local function isAdmin(player)
		for _, id in CONFIG.AdminUserIds do
			if player.UserId == id then return true end
		end
		for _, name in CONFIG.AdminAttributes do
			if player:GetAttribute(name) == true then return true end
		end
		return false
	end

	local function event(name)
		local item = script:FindFirstChild(name)
		if item then
			assert(item:IsA("BindableEvent"), name .. " must be a BindableEvent")
			return item
		end
		item = Instance.new("BindableEvent")
		item.Name = name
		item.Parent = script
		return item
	end

	local moderationEvent = event("ModerationEvent")
	local reviewEvent = event("ReviewEvent")

	local function notifyPlayer(state, kind)
		if not CONFIG.NotificationsEnabled or not state.player or os.clock() - state.lastNotice < CONFIG.NotificationCooldown then return end
		state.lastNotice = os.clock()
		local player = state.player
		task.defer(function()
			if not active or states[player.UserId] ~= state then return end
			local gui = player:FindFirstChildOfClass("PlayerGui")
			if not gui then return end
			local old = gui:FindFirstChild("StarlightNotice")
			if old then old:Destroy() end
			local screen = Instance.new("ScreenGui")
			screen.Name = "StarlightNotice"
			screen.ResetOnSpawn = false
			screen.DisplayOrder = 100
			local label = Instance.new("TextLabel")
			label.AnchorPoint = Vector2.new(0.5, 0)
			label.Position = UDim2.fromScale(0.5, 0.08)
			label.Size = UDim2.new(0.8, 0, 0, 110)
			label.BackgroundColor3 = Color3.fromRGB(24, 28, 38)
			label.BackgroundTransparency = 0.06
			label.TextColor3 = Color3.fromRGB(245, 247, 255)
			label.TextSize = 18
			label.Font = Enum.Font.GothamMedium
			label.TextWrapped = true
			label.RichText = false
			label.BorderSizePixel = 0
			label.Text = kind == "Support"
				and "You deserve support. If you might hurt yourself, contact emergency services or a trusted person nearby now."
				or (kind == "Mute" or kind == "LongMute")
				and "Chat is temporarily paused after repeated policy violations. Please keep the conversation respectful and safe."
				or "That message was held back. Please avoid threats, personal attacks, unsafe requests, and scams."
			label.Parent = screen
			screen.Parent = gui
			task.delay(12, function() screen:Destroy() end)
		end)
	end

	local function decay(value, elapsed)
		return value * 2 ^ (-math.max(0, elapsed) / CONFIG.RiskHalfLife)
	end

	local function touchRisk(state, now)
		state.risk = decay(state.risk, now - state.riskAt)
		state.riskAt = now
	end

	local function snapshot(state)
		touchRisk(state, os.clock())
		return {
			schema = 2,
			warningCount = state.warningCount,
			risk = state.risk,
			riskUpdatedAt = os.time(),
			muteUntil = state.muteUntil,
			muteChangedAt = state.muteChangedAt,
			muteChangeId = state.muteChangeId,
			updatedAt = os.time(),
		}
	end

	local function sanitize(data)
		data = type(data) == "table" and data or {}
		return {
			schema = 2,
			warningCount = math.floor(finite(data.warningCount, 0, 0, 1000000)),
			risk = finite(data.risk or data.rollingRisk, 0, 0, 1),
			riskUpdatedAt = finite(data.riskUpdatedAt, os.time(), 0, os.time() + 60),
			muteUntil = finite(data.muteUntil or data.muteExpirationUnix, 0, 0, os.time() + 86400),
			muteChangedAt = finite(data.muteChangedAt, data.muteExpirationUnix and 1 or 0, 0, os.time() + 60),
			muteChangeId = type(data.muteChangeId) == "string" and data.muteChangeId:sub(1, 128) or "",
			updatedAt = finite(data.updatedAt, 0, 0, os.time() + 60),
		}
	end

	local function newerMute(left, right)
		return left.muteChangedAt > right.muteChangedAt
			or (left.muteChangedAt == right.muteChangedAt and left.muteChangeId > right.muteChangeId)
	end

	local function merge(left, right)
		left, right = sanitize(left), sanitize(right)
		local now = os.time()
		local chosen = newerMute(right, left) and right or left
		return {
			schema = 2,
			warningCount = math.max(left.warningCount, right.warningCount),
			risk = math.max(decay(left.risk, now - left.riskUpdatedAt), decay(right.risk, now - right.riskUpdatedAt)),
			riskUpdatedAt = now,
			muteUntil = chosen.muteUntil,
			muteChangedAt = chosen.muteChangedAt,
			muteChangeId = chosen.muteChangeId,
			updatedAt = now,
		}
	end

	local function enqueue(state)
		if not CONFIG.PersistenceEnabled or state.userId <= 0 then return end
		local item = pending[state.userId]
		if not item then
			if pendingCount >= CONFIG.PersistenceMaxPending then
				state.dirty = true
				issue("Persistence backlog is full; unsaved player state will be retried.")
				return
			end
			item = {data = snapshot(state), revision = 0, attempts = 0, nextAttempt = 0, inFlight = false}
			pending[state.userId] = item
			pendingCount += 1
		else
			item.data = merge(item.data, snapshot(state))
		end
		item.revision += 1
		state.dirty = false
	end

	local function getStore()
		if not store then store = DataStoreService:GetDataStore(CONFIG.PersistenceStore) end
		return store
	end

	local function hasBudget(kind)
		local ok, budget = pcall(function()
			return DataStoreService:GetRequestBudgetForRequestType(kind)
		end)
		return ok and budget >= 1
	end

	local function saveOne(userId, item)
		local revision, data = item.revision, item.data
		item.inFlight = true
		workers += 1
		task.spawn(function()
			local ok, saved = pcall(function()
				return getStore():UpdateAsync(tostring(userId), function(previous)
					return merge(previous, data)
				end)
			end)
			workers -= 1
			item.inFlight = false
			if ok then
				metrics.saves += 1
				if pending[userId] == item and item.revision == revision then
					pending[userId] = nil
					pendingCount -= 1
				end
				local state = states[userId]
				if state and type(saved) == "table" then
					local safe = sanitize(saved)
					state.warningCount = math.max(state.warningCount, safe.warningCount)
					state.player:SetAttribute("StarlightWarnings", state.warningCount)
					if newerMute(safe, state) then
						state.muteUntil, state.muteChangedAt, state.muteChangeId = safe.muteUntil, safe.muteChangedAt, safe.muteChangeId
						state.player:SetAttribute("StarlightMutedUntil", state.muteUntil)
					end
				end
			else
				metrics.saveFailures += 1
				item.attempts += 1
				item.nextAttempt = os.clock() + math.min(CONFIG.PersistenceMaxRetry, CONFIG.PersistenceRetryBase * 2 ^ math.min(item.attempts - 1, 10))
				issue("DataStore save failed; the latest state remains queued.")
			end
		end)
	end

	local function flush()
		if not CONFIG.PersistenceEnabled then return end
		draining = pendingCount > 0
		for userId, item in pending do
			if workers >= CONFIG.PersistenceConcurrency then break end
			if not item.inFlight and item.nextAttempt <= os.clock() then
				if not hasBudget(Enum.DataStoreRequestType.UpdateAsync) then break end
				saveOne(userId, item)
			end
		end
	end

	local function loadState(state)
		if not CONFIG.PersistenceEnabled or state.userId <= 0 or state.loading or state.loaded then return end
		if not hasBudget(Enum.DataStoreRequestType.GetAsync) then return end
		state.loading = true
		task.spawn(function()
			local ok, data = pcall(function() return getStore():GetAsync(tostring(state.userId)) end)
			if states[state.userId] ~= state then return end
			state.loading = false
			if not ok then
				state.loadAttempts += 1
				state.nextLoad = os.clock() + math.min(CONFIG.PersistenceMaxRetry, CONFIG.PersistenceRetryBase * 2 ^ math.min(state.loadAttempts - 1, 10))
				issue("DataStore load failed; continuing local moderation and retrying.")
				return
			end
			state.loaded = true
			local saved = sanitize(data)
			touchRisk(state, os.clock())
			state.risk = math.max(state.risk, decay(saved.risk, os.time() - saved.riskUpdatedAt))
			state.warningCount = math.max(state.warningCount, saved.warningCount)
			state.player:SetAttribute("StarlightWarnings", state.warningCount)
			if newerMute(saved, state) then
				state.muteUntil, state.muteChangedAt, state.muteChangeId = saved.muteUntil, saved.muteChangedAt, saved.muteChangeId
				state.player:SetAttribute("StarlightMutedUntil", state.muteUntil)
			end
		end)
	end

	local function addPlayer(player)
		if states[player.UserId] then return states[player.UserId] end
		local now = os.clock()
		local state = {
			userId = player.UserId, player = player, risk = 0, riskAt = now,
			warningCount = 0, muteUntil = 0, muteChangedAt = 0, muteChangeId = "",
			tokens = CONFIG.RateLimitBurst, rateAt = now,
			lastWarning = -math.huge, lastNotice = -math.huge, lastCommand = -math.huge,
			history = {}, strikes = {}, seriousStrikes = {}, loaded = false, loading = false,
			loadAttempts = 0, nextLoad = 0, dirty = false,
		}
		states[player.UserId] = state
		if pending[player.UserId] then
			local saved = sanitize(pending[player.UserId].data)
			state.warningCount, state.risk = saved.warningCount, saved.risk
			state.muteUntil, state.muteChangedAt, state.muteChangeId = saved.muteUntil, saved.muteChangedAt, saved.muteChangeId
		end
		player:SetAttribute("StarlightMutedUntil", state.muteUntil)
		player:SetAttribute("StarlightWarnings", state.warningCount)
		loadState(state)
		return state
	end

	local function setMute(state, duration)
		changeSequence += 1
		state.muteUntil = duration > 0 and os.time() + duration or 0
		state.muteChangedAt = math.max(DateTime.now().UnixTimestampMillis / 1000, state.muteChangedAt + 0.000001)
		state.muteChangeId = sessionId .. ":" .. tostring(changeSequence)
		state.player:SetAttribute("StarlightMutedUntil", state.muteUntil)
		state.dirty = true
		enqueue(state)
	end

	local function removePlayer(player)
		local state = states[player.UserId]
		if not state or state.player ~= player then return end
		touchRisk(state, os.clock())
		if state.dirty then enqueue(state) end
		if state.dirty and CONFIG.PersistenceEnabled then
			metrics.persistenceDropped += 1
			warn("[Starlight Neural] Persistence capacity exhausted; departing user " .. tostring(state.userId) .. " could not be saved.")
			reviewEvent:Fire({timestamp = os.time(), userId = state.userId, action = "PersistenceFailure"})
		end
		states[player.UserId] = nil
		flush()
	end

	local function auditDecision(state, messageId, decision)
		local result = decision.result
		local entry = {
			timestamp = os.time(), userId = state.userId, messageId = tostring(messageId or ""):sub(1, 128),
			category = result and result.category or "unknown", confidence = result and result.confidence or 0,
			risk = result and result.risk or 0, action = decision.action,
			needsSupport = result ~= nil and (result.support == true or result.needsSupport == true),
			evidence = result and table.clone(result.evidence) or {}, modelVersion = Engine.version,
		}
		push(audit, entry, CONFIG.AuditRetention)
		if decision.action ~= "Allow" and decision.action ~= "Observe" then
			local emitted = table.clone(entry)
			emitted.evidence = table.clone(entry.evidence)
			task.defer(function()
				if not active then return end
				moderationEvent:Fire(emitted)
				if decision.action == "Support" or (result and (result.needsSupport or (result.corroborated and result.risk >= 0.85))) then
					reviewEvent:Fire(table.clone(emitted))
				end
			end)
		end
		if CONFIG.Debug then
			print(string.format("[Starlight Neural] %d | %s | %.3f | %s", state.userId, entry.category, entry.risk, entry.action))
		end
	end

	local function consumeRate(state, now)
		state.tokens = math.min(CONFIG.RateLimitBurst, state.tokens + math.max(0, now - state.rateAt) * CONFIG.RateLimitPerSecond)
		state.rateAt = now
		if state.tokens < 1 then return false end
		state.tokens -= 1
		return true
	end

	local function classify(text, now)
		local result = cacheGet(semanticCache, text, now)
		if result then return result end
		if now - windowStart >= CONFIG.AnalysisWindow then
			windowStart, windowCount, windowCost = now, 0, 0
		end
		if windowCount >= CONFIG.MaxAnalysesPerWindow or windowCost >= CONFIG.AnalysisBudgetSeconds then
			metrics.overload += 1
			return nil, "Busy"
		end
		windowCount += 1
		local started = os.clock()
		local ok, value = pcall(Engine.analyze, text)
		local elapsed = os.clock() - started
		windowCost += elapsed
		metrics.analyses += 1
		metrics.totalAnalysisTime += elapsed
		metrics.maxAnalysisTime = math.max(metrics.maxAnalysisTime, elapsed)
		if not ok or type(value) ~= "table" then
			issue("Message analysis failed; message held for this delivery.")
			return nil, "Unavailable"
		end
		cachePut(semanticCache, text, value, now)
		return value
	end

	local function decide(state, result, now)
		if result.invalid or result.truncated then return {deliver = false, action = "Invalid", result = result} end
		if result.needsSupport then notifyPlayer(state, "Support") end
		if result.support then
			notifyPlayer(state, "Support")
			return {deliver = true, action = "Support", result = result}
		end
		touchRisk(state, now)
		local repeats, related = 0, 0
		for _, previous in state.history do
			if now - previous.time <= 12 and previous.normalized == result.normalized then repeats += 1 end
			if now - previous.time <= CONFIG.ContextLifetime and previous.corroborated and previous.category == result.category then related += 1 end
		end
		push(state.history, {time = now, normalized = result.normalized, category = result.category, corroborated = result.corroborated}, CONFIG.HistoryLength)
		if repeats >= 3 and #result.normalized >= 3 then
			return {deliver = false, action = "RateLimit", result = result}
		end
		local repeatedConcern = related >= 2 and result.risk >= 0.38
		local violation = result.corroborated and (result.risk >= CONFIG.BlockRisk or repeatedConcern) and result.confidence >= CONFIG.BlockConfidence
		if not violation then return {deliver = true, action = result.risk >= 0.3 and "Observe" or "Allow", result = result} end
		while state.strikes[1] and now - state.strikes[1] > CONFIG.StrikeWindow do table.remove(state.strikes, 1) end
		push(state.strikes, now, 20)
		while state.seriousStrikes[1] and now - state.seriousStrikes[1] > CONFIG.KickStrikeWindow do table.remove(state.seriousStrikes, 1) end
		if result.risk >= 0.85 then push(state.seriousStrikes, now, 30) end
		state.risk = math.max(state.risk, result.risk)
		state.dirty = true
		local action = "SoftSuppress"
		if #state.strikes >= CONFIG.LongMuteAfterStrikes then
			action = "LongMute"
			setMute(state, CONFIG.LongMuteDuration)
		elseif #state.strikes >= CONFIG.MuteAfterStrikes then
			action = "Mute"
			setMute(state, CONFIG.MuteDuration)
		elseif now - state.lastWarning >= CONFIG.WarningCooldown then
			action = "Warn"
			state.lastWarning = now
			state.warningCount += 1
			state.player:SetAttribute("StarlightWarnings", state.warningCount)
		end
		if CONFIG.AutomaticKick and #state.seriousStrikes >= CONFIG.KickAfterStrikes and result.risk >= 0.9 and result.confidence >= 0.95 then
			action = "Kick"
			local player = state.player
			task.defer(function()
				if active and states[state.userId] == state then player:Kick("Removed for repeated chat policy violations.") end
			end)
		end
		state.player:SetAttribute("StarlightLastAction", action)
		enqueue(state)
		notifyPlayer(state, action)
		return {deliver = false, action = action, result = result}
	end

	local function process(player, message)
		if not CONFIG.Enabled or not active then return {deliver = true, action = "Allow"} end
		if CONFIG.AdminBypass and isAdmin(player) then return {deliver = true, action = "Allow"} end
		local now = os.clock()
		local id = message.MessageId
		local key = type(id) == "string" and #id > 0 and #id <= 128 and tostring(player.UserId) .. ":" .. id or message
		local existing = cacheGet(cache, key, now)
		if existing then metrics.cached += 1; return existing end
		local state = states[player.UserId] or addPlayer(player)
		local decision
		local text = message.Text
		metrics.messages += 1
		if state.muteUntil > os.time() then
			decision = {deliver = false, action = "Muted"}
		elseif type(text) ~= "string" or #text > CONFIG.MaxMessageBytes then
			decision = {deliver = false, action = "Invalid"}
		elseif text == "" then
			decision = {deliver = true, action = "Allow"}
		elseif not consumeRate(state, now) then
			decision = {deliver = false, action = "RateLimit"}
		else
			local result, reason = classify(text, now)
			decision = result and decide(state, result, now) or {deliver = false, action = reason}
		end
		cachePut(cache, key, decision, now)
		if not decision.deliver then metrics.blocked += 1 end
		if decision.result then auditDecision(state, id, decision) end
		return decision
	end

	local function bindChannel(channel)
		if bound[channel] or not channel:IsA("TextChannel") then return end
		if CONFIG.ChannelFilter and not CONFIG.ChannelFilter(channel) then return end
		if channel:GetAttribute("StarlightNeuralBound") then
			issue("A channel already has Starlight Neural installed; duplicate binding skipped.")
			return
		end
		local callback = function(message, recipient)
			if CONFIG.DeliveryFilter then
				local allowed, value = pcall(CONFIG.DeliveryFilter, channel, message, recipient)
				if not allowed then issue("DeliveryFilter failed."); return false end
				if not value then return false end
			end
			if not message.TextSource then return true end
			local player = Players:GetPlayerByUserId(message.TextSource.UserId)
			if not player then return false end
			local ok, decision = pcall(process, player, message)
			if not ok then issue("Chat callback failed; message held for this delivery."); return false end
			return decision.deliver
		end
		local ok = pcall(function() channel.ShouldDeliverCallback = callback end)
		if ok then
			bound[channel] = true
			channel:SetAttribute("StarlightNeuralBound", sessionId)
		else
			issue("A chat channel could not be bound; check for another chat delivery script.")
		end
	end

	local function command(player, text)
		if not isAdmin(player) or type(text) ~= "string" or #text > CONFIG.MaxMessageBytes then return end
		local state = states[player.UserId] or addPlayer(player)
		if os.clock() - state.lastCommand < 0.5 then return end
		state.lastCommand = os.clock()
		local verb, argument = text:match("^/?sn%s+(%S+)%s*(.*)$")
		verb = verb and verb:lower()
		if verb == "status" then
			print(string.format("[Starlight Neural] %s | enabled=%s | messages=%d | analysed=%d | blocked=%d | queued=%d | mean=%.3fms | peak=%.3fms", Engine.version, tostring(CONFIG.Enabled), metrics.messages, metrics.analyses, metrics.blocked, pendingCount, metrics.totalAnalysisTime / math.max(1, metrics.analyses) * 1000, metrics.maxAnalysisTime * 1000))
		elseif verb == "test" then
			local result = Engine.analyze(argument ~= "" and argument or "hello")
			print(string.format("[Starlight Neural] %s | confidence=%.3f | risk=%.3f | corroborated=%s | support=%s", result.category, result.confidence, result.risk, tostring(result.corroborated), tostring(result.support)))
		elseif verb == "audit" then
			for index = math.max(1, #audit - 9), #audit do
				local entry = audit[index]
				print(string.format("[Starlight Neural] %d | %d | %s | %s", entry.timestamp, entry.userId, entry.category, entry.action))
			end
		elseif verb == "enable" then CONFIG.Enabled = true
		elseif verb == "disable" then CONFIG.Enabled = false
		elseif verb == "diagnostic" then CONFIG.Debug = not CONFIG.Debug
		elseif verb == "unmute" or verb == "mute" then
			local id = tonumber(argument:match("^(%d+)$"))
			local target = id and states[id]
			if target then
				if verb == "unmute" then target.strikes = {}; target.seriousStrikes = {}; target.risk = 0 end
				setMute(target, verb == "mute" and CONFIG.MuteDuration or 0)
				print("[Starlight Neural] " .. verb .. " " .. tostring(id))
			end
		end
	end

	local function tick()
		local now = os.clock()
		pruneCache(cache, now)
		pruneCache(semanticCache, now)
		for _, state in states do
			if not state.loaded and not state.loading and state.nextLoad <= now then loadState(state) end
			if state.muteUntil > 0 and state.muteUntil <= os.time() then
				state.player:SetAttribute("StarlightMutedUntil", 0)
			end
			while state.history[1] and now - state.history[1].time > CONFIG.ContextLifetime do table.remove(state.history, 1) end
			if state.dirty then enqueue(state) end
		end
		if now >= nextSave then
			nextSave = now + CONFIG.PersistenceInterval
			flush()
		elseif closing or draining then flush()
		else
			for _, item in pending do
				if item.attempts > 0 and item.nextAttempt <= now and not item.inFlight then flush(); break end
			end
		end
	end

	local function shutdown()
		if closing then return end
		closing = true
		for _, state in states do if state.dirty then enqueue(state) end end
		local deadline = os.clock() + CONFIG.ShutdownTimeout
		while pendingCount > 0 and os.clock() < deadline do
			flush()
			task.wait(0.1)
		end
		if pendingCount > 0 then warn("[Starlight Neural] Shutdown ended with " .. tostring(pendingCount) .. " unsaved records.") end
		active = false
		for _, connection in connections do connection:Disconnect() end
	end

	api.process, api.addPlayer, api.removePlayer = process, addPlayer, removePlayer
	api.tick, api.flush, api.shutdown, api.command = tick, flush, shutdown, command
	api.states, api.cache, api.pending, api.audit, api.metrics = states, cache, pending, audit, metrics
	api.semanticCache = semanticCache

	connections[#connections + 1] = Players.PlayerAdded:Connect(addPlayer)
	connections[#connections + 1] = Players.PlayerRemoving:Connect(removePlayer)
	for _, player in Players:GetPlayers() do addPlayer(player) end
	connections[#connections + 1] = TextChatService.DescendantAdded:Connect(bindChannel)
	for _, channel in TextChatService:GetDescendants() do bindChannel(channel) end

	local chatCommand = Instance.new("TextChatCommand")
	chatCommand.Name = "StarlightNeuralCommand"
	chatCommand.PrimaryAlias = "/sn"
	connections[#connections + 1] = chatCommand.Triggered:Connect(function(source, text)
		local player = source and Players:GetPlayerByUserId(source.UserId)
		if player then command(player, text) end
	end)
	chatCommand.Parent = TextChatService

	game:BindToClose(shutdown)
	task.spawn(function()
		while active and not closing do
			task.wait(CONFIG.MaintenanceInterval)
			if active and not closing then tick() end
		end
	end)
	print("[Starlight Neural] Ready | " .. Engine.version)
	return api
end)()
